0 -1.570796 0
0 -1.570796 0
0 -1.53938 0
0 -1.53938 0
0 -1.507964 0
0 -1.507964 0
0 -1.476549 0
0 -1.476549 0
0 -1.445133 0
0 -1.445133 0
0 -1.413717 0
0 -1.413717 0
0 -1.382301 0
0 -1.382301 0
0 -1.350885 0
0 -1.350885 0
0 -1.319469 0
0 -1.319469 0
0 -1.288053 0
0 -1.288053 0
0 -1.256637 0
0 -1.256637 0
0 -1.225221 0
0 -1.225221 0
0 -1.193805 0
0 -1.193805 0
0 -1.162389 0
0 -1.162389 0
0 -1.130973 0
0 -1.130973 0
0 -1.099557 0
0 -1.099557 0
0 -1.068142 0
0 -1.068142 0
0 -1.036726 0
0 -1.036726 0
0 -1.00531 0
0 -1.00531 0
0 -0.973894 0
0 -0.973894 0
0 -0.942478 0
0 -0.942478 0
0 -0.911062 0
0 -0.911062 0
0 -0.879646 0
0 -0.879646 0
0 -0.84823 0
0 -0.84823 0
0 -0.816814 0
0 -0.816814 0
0 -0.785398 0
0 -0.785398 0
0 -0.753982 0
0 -0.753982 0
0 -0.722566 0
0 -0.722566 0
0 -0.69115 0
0 -0.69115 0
0 -0.659734 0
0 -0.659734 0
0 -0.628319 0
0 -0.628319 0
0 -0.596903 0
0 -0.596903 0
0 -0.565487 0
0 -0.565487 0
0 -0.534071 0
0 -0.534071 0
0 -0.502655 0
0 -0.502655 0
0 -0.471239 0
0 -0.471239 0
0 -0.439823 0
0 -0.439823 0
0 -0.408407 0
0 -0.408407 0
0 -0.376991 0
0 -0.376991 0
0 -0.345575 0
0 -0.345575 0
0 -0.314159 0
0 -0.314159 0
0 -0.282743 0
0 -0.282743 0
0 -0.251327 0
0 -0.251327 0
0 -0.219911 0
0 -0.219911 0
0 -0.188496 0
0 -0.188496 0
0 -0.15708 0
0 -0.15708 0
0 -0.125664 0
0 -0.125664 0
0 -0.094248 0
0 -0.094248 0
0 -0.062832 0
0 -0.062832 0
0 -0.031416 0
0 -0.031416 0
0 0 0
0 0 0
0 0.031416 0
0 0.031416 0
0 0.062832 0
0 0.062832 0
0 0.094248 0
0 0.094248 0
0 0.125664 0
0 0.125664 0
0 0.15708 0
0 0.15708 0
0 0.188496 0
0 0.188496 0
0 0.219911 0
0 0.219911 0
0 0.251327 0
0 0.251327 0
0 0.282743 0
0 0.282743 0
0 0.314159 0
0 0.314159 0
0 0.345575 0
0 0.345575 0
0 0.376991 0
0 0.376991 0
0 0.408407 0
0 0.408407 0
0 0.439823 0
0 0.439823 0
0 0.471239 0
0 0.471239 0
0 0.502655 0
0 0.502655 0
0 0.534071 0
0 0.534071 0
0 0.565487 0
0 0.565487 0
0 0.596903 0
0 0.596903 0
0 0.628319 0
0 0.628319 0
0 0.659734 0
0 0.659734 0
0 0.69115 0
0 0.69115 0
0 0.722566 0
0 0.722566 0
0 0.753982 0
0 0.753982 0
0 0.785398 0
0 0.785398 0
0 0.816814 0
0 0.816814 0
0 0.84823 0
0 0.84823 0
0 0.879646 0
0 0.879646 0
0 0.911062 0
0 0.911062 0
0 0.942478 0
0 0.942478 0
0 0.973894 0
0 0.973894 0
0 1.00531 0
0 1.00531 0
0 1.036726 0
0 1.036726 0
0 1.068142 0
0 1.068142 0
0 1.099557 0
0 1.099557 0
0 1.130973 0
0 1.130973 0
0 1.162389 0
0 1.162389 0
0 1.193805 0
0 1.193805 0
0 1.225221 0
0 1.225221 0
0 1.256637 0
0 1.256637 0
0 1.288053 0
0 1.288053 0
0 1.319469 0
0 1.319469 0
0 1.350885 0
0 1.350885 0
0 1.382301 0
0 1.382301 0
0 1.413717 0
0 1.413717 0
0 1.445133 0
0 1.445133 0
0 1.476549 0
0 1.476549 0
0 1.507964 0
0 1.507964 0
0 1.53938 0
0 1.53938 0
0 1.570796 0
0 1.570796 0
0 -1.570796 0
0 -1.570796 0
0.010964 -1.53938 0
-0.010964 -1.53938 0
0.021918 -1.507964 0
-0.021918 -1.507964 0
0.03285 -1.476549 0
-0.03285 -1.476549 0
0.04375 -1.445133 0
-0.04375 -1.445133 0
0.054606 -1.413717 0
-0.054606 -1.413717 0
0.065408 -1.382301 0
-0.065408 -1.382301 0
0.076146 -1.350885 0
-0.076146 -1.350885 0
0.086809 -1.319469 0
-0.086809 -1.319469 0
0.097386 -1.288053 0
-0.097386 -1.288053 0
0.107867 -1.256637 0
-0.107867 -1.256637 0
0.118242 -1.225221 0
-0.118242 -1.225221 0
0.1285 -1.193805 0
-0.1285 -1.193805 0
0.138631 -1.162389 0
-0.138631 -1.162389 0
0.148625 -1.130973 0
-0.148625 -1.130973 0
0.158473 -1.099557 0
-0.158473 -1.099557 0
0.168164 -1.068142 0
-0.168164 -1.068142 0
0.177689 -1.036726 0
-0.177689 -1.036726 0
0.187039 -1.00531 0
-0.187039 -1.00531 0
0.196204 -0.973894 0
-0.196204 -0.973894 0
0.205176 -0.942478 0
-0.205176 -0.942478 0
0.213945 -0.911062 0
-0.213945 -0.911062 0
0.222503 -0.879646 0
-0.222503 -0.879646 0
0.230841 -0.84823 0
-0.230841 -0.84823 0
0.238952 -0.816814 0
-0.238952 -0.816814 0
0.246827 -0.785398 0
-0.246827 -0.785398 0
0.254458 -0.753982 0
-0.254458 -0.753982 0
0.261838 -0.722566 0
-0.261838 -0.722566 0
0.26896 -0.69115 0
-0.26896 -0.69115 0
0.275816 -0.659734 0
-0.275816 -0.659734 0
0.2824 -0.628319 0
-0.2824 -0.628319 0
0.288706 -0.596903 0
-0.288706 -0.596903 0
0.294726 -0.565487 0
-0.294726 -0.565487 0
0.300456 -0.534071 0
-0.300456 -0.534071 0
0.305889 -0.502655 0
-0.305889 -0.502655 0
0.31102 -0.471239 0
-0.31102 -0.471239 0
0.315844 -0.439823 0
-0.315844 -0.439823 0
0.320357 -0.408407 0
-0.320357 -0.408407 0
0.324553 -0.376991 0
-0.324553 -0.376991 0
0.328429 -0.345575 0
-0.328429 -0.345575 0
0.331981 -0.314159 0
-0.331981 -0.314159 0
0.335206 -0.282743 0
-0.335206 -0.282743 0
0.338099 -0.251327 0
-0.338099 -0.251327 0
0.340659 -0.219911 0
-0.340659 -0.219911 0
0.342883 -0.188496 0
-0.342883 -0.188496 0
0.344768 -0.15708 0
-0.344768 -0.15708 0
0.346313 -0.125664 0
-0.346313 -0.125664 0
0.347517 -0.094248 0
-0.347517 -0.094248 0
0.348377 -0.062832 0
-0.348377 -0.062832 0
0.348894 -0.031416 0
-0.348894 -0.031416 0
0.349066 0 0
-0.349066 0 0
0.348894 0.031416 0
-0.348894 0.031416 0
0.348377 0.062832 0
-0.348377 0.062832 0
0.347517 0.094248 0
-0.347517 0.094248 0
0.346313 0.125664 0
-0.346313 0.125664 0
0.344768 0.15708 0
-0.344768 0.15708 0
0.342883 0.188496 0
-0.342883 0.188496 0
0.340659 0.219911 0
-0.340659 0.219911 0
0.338099 0.251327 0
-0.338099 0.251327 0
0.335206 0.282743 0
-0.335206 0.282743 0
0.331981 0.314159 0
-0.331981 0.314159 0
0.328429 0.345575 0
-0.328429 0.345575 0
0.324553 0.376991 0
-0.324553 0.376991 0
0.320357 0.408407 0
-0.320357 0.408407 0
0.315844 0.439823 0
-0.315844 0.439823 0
0.31102 0.471239 0
-0.31102 0.471239 0
0.305889 0.502655 0
-0.305889 0.502655 0
0.300456 0.534071 0
-0.300456 0.534071 0
0.294726 0.565487 0
-0.294726 0.565487 0
0.288706 0.596903 0
-0.288706 0.596903 0
0.2824 0.628319 0
-0.2824 0.628319 0
0.275816 0.659734 0
-0.275816 0.659734 0
0.26896 0.69115 0
-0.26896 0.69115 0
0.261838 0.722566 0
-0.261838 0.722566 0
0.254458 0.753982 0
-0.254458 0.753982 0
0.246827 0.785398 0
-0.246827 0.785398 0
0.238952 0.816814 0
-0.238952 0.816814 0
0.230841 0.84823 0
-0.230841 0.84823 0
0.222503 0.879646 0
-0.222503 0.879646 0
0.213945 0.911062 0
-0.213945 0.911062 0
0.205176 0.942478 0
-0.205176 0.942478 0
0.196204 0.973894 0
-0.196204 0.973894 0
0.187039 1.00531 0
-0.187039 1.00531 0
0.177689 1.036726 0
-0.177689 1.036726 0
0.168164 1.068142 0
-0.168164 1.068142 0
0.158473 1.099557 0
-0.158473 1.099557 0
0.148625 1.130973 0
-0.148625 1.130973 0
0.138631 1.162389 0
-0.138631 1.162389 0
0.1285 1.193805 0
-0.1285 1.193805 0
0.118242 1.225221 0
-0.118242 1.225221 0
0.107867 1.256637 0
-0.107867 1.256637 0
0.097386 1.288053 0
-0.097386 1.288053 0
0.086809 1.319469 0
-0.086809 1.319469 0
0.076146 1.350885 0
-0.076146 1.350885 0
0.065408 1.382301 0
-0.065408 1.382301 0
0.054606 1.413717 0
-0.054606 1.413717 0
0.04375 1.445133 0
-0.04375 1.445133 0
0.03285 1.476549 0
-0.03285 1.476549 0
0.021918 1.507964 0
-0.021918 1.507964 0
0.010964 1.53938 0
-0.010964 1.53938 0
0 1.570796 0
0 1.570796 0
0 -1.570796 0
0 -1.570796 0
0.021929 -1.53938 0
-0.021929 -1.53938 0
0.043836 -1.507964 0
-0.043836 -1.507964 0
0.0657 -1.476549 0
-0.0657 -1.476549 0
0.087499 -1.445133 0
-0.087499 -1.445133 0
0.109212 -1.413717 0
-0.109212 -1.413717 0
0.130817 -1.382301 0
-0.130817 -1.382301 0
0.152293 -1.350885 0
-0.152293 -1.350885 0
0.173618 -1.319469 0
-0.173618 -1.319469 0
0.194773 -1.288053 0
-0.194773 -1.288053 0
0.215735 -1.256637 0
-0.215735 -1.256637 0
0.236484 -1.225221 0
-0.236484 -1.225221 0
0.256999 -1.193805 0
-0.256999 -1.193805 0
0.277262 -1.162389 0
-0.277262 -1.162389 0
0.29725 -1.130973 0
-0.29725 -1.130973 0
0.316945 -1.099557 0
-0.316945 -1.099557 0
0.336328 -1.068142 0
-0.336328 -1.068142 0
0.355378 -1.036726 0
-0.355378 -1.036726 0
0.374078 -1.00531 0
-0.374078 -1.00531 0
0.392408 -0.973894 0
-0.392408 -0.973894 0
0.410352 -0.942478 0
-0.410352 -0.942478 0
0.42789 -0.911062 0
-0.42789 -0.911062 0
0.445006 -0.879646 0
-0.445006 -0.879646 0
0.461683 -0.84823 0
-0.461683 -0.84823 0
0.477904 -0.816814 0
-0.477904 -0.816814 0
0.493654 -0.785398 0
-0.493654 -0.785398 0
0.508916 -0.753982 0
-0.508916 -0.753982 0
0.523676 -0.722566 0
-0.523676 -0.722566 0
0.53792 -0.69115 0
-0.53792 -0.69115 0
0.551632 -0.659734 0
-0.551632 -0.659734 0
0.5648 -0.628319 0
-0.5648 -0.628319 0
0.577411 -0.596903 0
-0.577411 -0.596903 0
0.589452 -0.565487 0
-0.589452 -0.565487 0
0.600911 -0.534071 0
-0.600911 -0.534071 0
0.611777 -0.502655 0
-0.611777 -0.502655 0
0.62204 -0.471239 0
-0.62204 -0.471239 0
0.631688 -0.439823 0
-0.631688 -0.439823 0
0.640714 -0.408407 0
-0.640714 -0.408407 0
0.649106 -0.376991 0
-0.649106 -0.376991 0
0.656859 -0.345575 0
-0.656859 -0.345575 0
0.663963 -0.314159 0
-0.663963 -0.314159 0
0.670411 -0.282743 0
-0.670411 -0.282743 0
0.676199 -0.251327 0
-0.676199 -0.251327 0
0.681318 -0.219911 0
-0.681318 -0.219911 0
0.685766 -0.188496 0
-0.685766 -0.188496 0
0.689537 -0.15708 0
-0.689537 -0.15708 0
0.692627 -0.125664 0
-0.692627 -0.125664 0
0.695033 -0.094248 0
-0.695033 -0.094248 0
0.696754 -0.062832 0
-0.696754 -0.062832 0
0.697787 -0.031416 0
-0.697787 -0.031416 0
0.698132 0 0
-0.698132 0 0
0.697787 0.031416 0
-0.697787 0.031416 0
0.696754 0.062832 0
-0.696754 0.062832 0
0.695033 0.094248 0
-0.695033 0.094248 0
0.692627 0.125664 0
-0.692627 0.125664 0
0.689537 0.15708 0
-0.689537 0.15708 0
0.685766 0.188496 0
-0.685766 0.188496 0
0.681318 0.219911 0
-0.681318 0.219911 0
0.676199 0.251327 0
-0.676199 0.251327 0
0.670411 0.282743 0
-0.670411 0.282743 0
0.663963 0.314159 0
-0.663963 0.314159 0
0.656859 0.345575 0
-0.656859 0.345575 0
0.649106 0.376991 0
-0.649106 0.376991 0
0.640714 0.408407 0
-0.640714 0.408407 0
0.631688 0.439823 0
-0.631688 0.439823 0
0.62204 0.471239 0
-0.62204 0.471239 0
0.611777 0.502655 0
-0.611777 0.502655 0
0.600911 0.534071 0
-0.600911 0.534071 0
0.589452 0.565487 0
-0.589452 0.565487 0
0.577411 0.596903 0
-0.577411 0.596903 0
0.5648 0.628319 0
-0.5648 0.628319 0
0.551632 0.659734 0
-0.551632 0.659734 0
0.53792 0.69115 0
-0.53792 0.69115 0
0.523676 0.722566 0
-0.523676 0.722566 0
0.508916 0.753982 0
-0.508916 0.753982 0
0.493654 0.785398 0
-0.493654 0.785398 0
0.477904 0.816814 0
-0.477904 0.816814 0
0.461683 0.84823 0
-0.461683 0.84823 0
0.445006 0.879646 0
-0.445006 0.879646 0
0.42789 0.911062 0
-0.42789 0.911062 0
0.410352 0.942478 0
-0.410352 0.942478 0
0.392408 0.973894 0
-0.392408 0.973894 0
0.374078 1.00531 0
-0.374078 1.00531 0
0.355378 1.036726 0
-0.355378 1.036726 0
0.336328 1.068142 0
-0.336328 1.068142 0
0.316945 1.099557 0
-0.316945 1.099557 0
0.29725 1.130973 0
-0.29725 1.130973 0
0.277262 1.162389 0
-0.277262 1.162389 0
0.256999 1.193805 0
-0.256999 1.193805 0
0.236484 1.225221 0
-0.236484 1.225221 0
0.215735 1.256637 0
-0.215735 1.256637 0
0.194773 1.288053 0
-0.194773 1.288053 0
0.173618 1.319469 0
-0.173618 1.319469 0
0.152293 1.350885 0
-0.152293 1.350885 0
0.130817 1.382301 0
-0.130817 1.382301 0
0.109212 1.413717 0
-0.109212 1.413717 0
0.087499 1.445133 0
-0.087499 1.445133 0
0.0657 1.476549 0
-0.0657 1.476549 0
0.043836 1.507964 0
-0.043836 1.507964 0
0.021929 1.53938 0
-0.021929 1.53938 0
0 1.570796 0
0 1.570796 0
0 -1.570796 0
0 -1.570796 0
0.032893 -1.53938 0
-0.032893 -1.53938 0
0.065754 -1.507964 0
-0.065754 -1.507964 0
0.09855 -1.476549 0
-0.09855 -1.476549 0
0.131249 -1.445133 0
-0.131249 -1.445133 0
0.163818 -1.413717 0
-0.163818 -1.413717 0
0.196225 -1.382301 0
-0.196225 -1.382301 0
0.228439 -1.350885 0
-0.228439 -1.350885 0
0.260427 -1.319469 0
-0.260427 -1.319469 0
0.292159 -1.288053 0
-0.292159 -1.288053 0
0.323602 -1.256637 0
-0.323602 -1.256637 0
0.354726 -1.225221 0
-0.354726 -1.225221 0
0.385499 -1.193805 0
-0.385499 -1.193805 0
0.415892 -1.162389 0
-0.415892 -1.162389 0
0.445875 -1.130973 0
-0.445875 -1.130973 0
0.475418 -1.099557 0
-0.475418 -1.099557 0
0.504491 -1.068142 0
-0.504491 -1.068142 0
0.533067 -1.036726 0
-0.533067 -1.036726 0
0.561117 -1.00531 0
-0.561117 -1.00531 0
0.588612 -0.973894 0
-0.588612 -0.973894 0
0.615527 -0.942478 0
-0.615527 -0.942478 0
0.641835 -0.911062 0
-0.641835 -0.911062 0
0.667509 -0.879646 0
-0.667509 -0.879646 0
0.692524 -0.84823 0
-0.692524 -0.84823 0
0.716856 -0.816814 0
-0.716856 -0.816814 0
0.74048 -0.785398 0
-0.74048 -0.785398 0
0.763374 -0.753982 0
-0.763374 -0.753982 0
0.785514 -0.722566 0
-0.785514 -0.722566 0
0.80688 -0.69115 0
-0.80688 -0.69115 0
0.827448 -0.659734 0
-0.827448 -0.659734 0
0.847201 -0.628319 0
-0.847201 -0.628319 0
0.866117 -0.596903 0
-0.866117 -0.596903 0
0.884178 -0.565487 0
-0.884178 -0.565487 0
0.901367 -0.534071 0
-0.901367 -0.534071 0
0.917666 -0.502655 0
-0.917666 -0.502655 0
0.93306 -0.471239 0
-0.93306 -0.471239 0
0.947533 -0.439823 0
-0.947533 -0.439823 0
0.96107 -0.408407 0
-0.96107 -0.408407 0
0.97366 -0.376991 0
-0.97366 -0.376991 0
0.985288 -0.345575 0
-0.985288 -0.345575 0
0.995944 -0.314159 0
-0.995944 -0.314159 0
1.005617 -0.282743 0
-1.005617 -0.282743 0
1.014298 -0.251327 0
-1.014298 -0.251327 0
1.021978 -0.219911 0
-1.021978 -0.219911 0
1.028649 -0.188496 0
-1.028649 -0.188496 0
1.034305 -0.15708 0
-1.034305 -0.15708 0
1.03894 -0.125664 0
-1.03894 -0.125664 0
1.04255 -0.094248 0
-1.04255 -0.094248 0
1.045131 -0.062832 0
-1.045131 -0.062832 0
1.046681 -0.031416 0
-1.046681 -0.031416 0
1.047198 0 0
-1.047198 0 0
1.046681 0.031416 0
-1.046681 0.031416 0
1.045131 0.062832 0
-1.045131 0.062832 0
1.04255 0.094248 0
-1.04255 0.094248 0
1.03894 0.125664 0
-1.03894 0.125664 0
1.034305 0.15708 0
-1.034305 0.15708 0
1.028649 0.188496 0
-1.028649 0.188496 0
1.021978 0.219911 0
-1.021978 0.219911 0
1.014298 0.251327 0
-1.014298 0.251327 0
1.005617 0.282743 0
-1.005617 0.282743 0
0.995944 0.314159 0
-0.995944 0.314159 0
0.985288 0.345575 0
-0.985288 0.345575 0
0.97366 0.376991 0
-0.97366 0.376991 0
0.96107 0.408407 0
-0.96107 0.408407 0
0.947533 0.439823 0
-0.947533 0.439823 0
0.93306 0.471239 0
-0.93306 0.471239 0
0.917666 0.502655 0
-0.917666 0.502655 0
0.901367 0.534071 0
-0.901367 0.534071 0
0.884178 0.565487 0
-0.884178 0.565487 0
0.866117 0.596903 0
-0.866117 0.596903 0
0.847201 0.628319 0
-0.847201 0.628319 0
0.827448 0.659734 0
-0.827448 0.659734 0
0.80688 0.69115 0
-0.80688 0.69115 0
0.785514 0.722566 0
-0.785514 0.722566 0
0.763374 0.753982 0
-0.763374 0.753982 0
0.74048 0.785398 0
-0.74048 0.785398 0
0.716856 0.816814 0
-0.716856 0.816814 0
0.692524 0.84823 0
-0.692524 0.84823 0
0.667509 0.879646 0
-0.667509 0.879646 0
0.641835 0.911062 0
-0.641835 0.911062 0
0.615527 0.942478 0
-0.615527 0.942478 0
0.588612 0.973894 0
-0.588612 0.973894 0
0.561117 1.00531 0
-0.561117 1.00531 0
0.533067 1.036726 0
-0.533067 1.036726 0
0.504491 1.068142 0
-0.504491 1.068142 0
0.475418 1.099557 0
-0.475418 1.099557 0
0.445875 1.130973 0
-0.445875 1.130973 0
0.415892 1.162389 0
-0.415892 1.162389 0
0.385499 1.193805 0
-0.385499 1.193805 0
0.354726 1.225221 0
-0.354726 1.225221 0
0.323602 1.256637 0
-0.323602 1.256637 0
0.292159 1.288053 0
-0.292159 1.288053 0
0.260427 1.319469 0
-0.260427 1.319469 0
0.228439 1.350885 0
-0.228439 1.350885 0
0.196225 1.382301 0
-0.196225 1.382301 0
0.163818 1.413717 0
-0.163818 1.413717 0
0.131249 1.445133 0
-0.131249 1.445133 0
0.09855 1.476549 0
-0.09855 1.476549 0
0.065754 1.507964 0
-0.065754 1.507964 0
0.032893 1.53938 0
-0.032893 1.53938 0
0 1.570796 0
0 1.570796 0
0 -1.570796 0
0 -1.570796 0
0.043858 -1.53938 0
-0.043858 -1.53938 0
0.087672 -1.507964 0
-0.087672 -1.507964 0
0.1314 -1.476549 0
-0.1314 -1.476549 0
0.174998 -1.445133 0
-0.174998 -1.445133 0
0.218424 -1.413717 0
-0.218424 -1.413717 0
0.261634 -1.382301 0
-0.261634 -1.382301 0
0.304585 -1.350885 0
-0.304585 -1.350885 0
0.347237 -1.319469 0
-0.347237 -1.319469 0
0.389545 -1.288053 0
-0.389545 -1.288053 0
0.431469 -1.256637 0
-0.431469 -1.256637 0
0.472967 -1.225221 0
-0.472967 -1.225221 0
0.513999 -1.193805 0
-0.513999 -1.193805 0
0.554523 -1.162389 0
-0.554523 -1.162389 0
0.5945 -1.130973 0
-0.5945 -1.130973 0
0.63389 -1.099557 0
-0.63389 -1.099557 0
0.672655 -1.068142 0
-0.672655 -1.068142 0
0.710756 -1.036726 0
-0.710756 -1.036726 0
0.748155 -1.00531 0
-0.748155 -1.00531 0
0.784816 -0.973894 0
-0.784816 -0.973894 0
0.820703 -0.942478 0
-0.820703 -0.942478 0
0.85578 -0.911062 0
-0.85578 -0.911062 0
0.890012 -0.879646 0
-0.890012 -0.879646 0
0.923366 -0.84823 0
-0.923366 -0.84823 0
0.955808 -0.816814 0
-0.955808 -0.816814 0
0.987307 -0.785398 0
-0.987307 -0.785398 0
1.017832 -0.753982 0
-1.017832 -0.753982 0
1.047353 -0.722566 0
-1.047353 -0.722566 0
1.075839 -0.69115 0
-1.075839 -0.69115 0
1.103265 -0.659734 0
-1.103265 -0.659734 0
1.129601 -0.628319 0
-1.129601 -0.628319 0
1.154822 -0.596903 0
-1.154822 -0.596903 0
1.178904 -0.565487 0
-1.178904 -0.565487 0
1.201823 -0.534071 0
-1.201823 -0.534071 0
1.223555 -0.502655 0
-1.223555 -0.502655 0
1.24408 -0.471239 0
-1.24408 -0.471239 0
1.263377 -0.439823 0
-1.263377 -0.439823 0
1.281427 -0.408407 0
-1.281427 -0.408407 0
1.298213 -0.376991 0
-1.298213 -0.376991 0
1.313717 -0.345575 0
-1.313717 -0.345575 0
1.327925 -0.314159 0
-1.327925 -0.314159 0
1.340823 -0.282743 0
-1.340823 -0.282743 0
1.352397 -0.251327 0
-1.352397 -0.251327 0
1.362637 -0.219911 0
-1.362637 -0.219911 0
1.371532 -0.188496 0
-1.371532 -0.188496 0
1.379073 -0.15708 0
-1.379073 -0.15708 0
1.385253 -0.125664 0
-1.385253 -0.125664 0
1.390067 -0.094248 0
-1.390067 -0.094248 0
1.393508 -0.062832 0
-1.393508 -0.062832 0
1.395574 -0.031416 0
-1.395574 -0.031416 0
1.396263 0 0
-1.396263 0 0
1.395574 0.031416 0
-1.395574 0.031416 0
1.393508 0.062832 0
-1.393508 0.062832 0
1.390067 0.094248 0
-1.390067 0.094248 0
1.385253 0.125664 0
-1.385253 0.125664 0
1.379073 0.15708 0
-1.379073 0.15708 0
1.371532 0.188496 0
-1.371532 0.188496 0
1.362637 0.219911 0
-1.362637 0.219911 0
1.352397 0.251327 0
-1.352397 0.251327 0
1.340823 0.282743 0
-1.340823 0.282743 0
1.327925 0.314159 0
-1.327925 0.314159 0
1.313717 0.345575 0
-1.313717 0.345575 0
1.298213 0.376991 0
-1.298213 0.376991 0
1.281427 0.408407 0
-1.281427 0.408407 0
1.263377 0.439823 0
-1.263377 0.439823 0
1.24408 0.471239 0
-1.24408 0.471239 0
1.223555 0.502655 0
-1.223555 0.502655 0
1.201823 0.534071 0
-1.201823 0.534071 0
1.178904 0.565487 0
-1.178904 0.565487 0
1.154822 0.596903 0
-1.154822 0.596903 0
1.129601 0.628319 0
-1.129601 0.628319 0
1.103265 0.659734 0
-1.103265 0.659734 0
1.075839 0.69115 0
-1.075839 0.69115 0
1.047353 0.722566 0
-1.047353 0.722566 0
1.017832 0.753982 0
-1.017832 0.753982 0
0.987307 0.785398 0
-0.987307 0.785398 0
0.955808 0.816814 0
-0.955808 0.816814 0
0.923366 0.84823 0
-0.923366 0.84823 0
0.890012 0.879646 0
-0.890012 0.879646 0
0.85578 0.911062 0
-0.85578 0.911062 0
0.820703 0.942478 0
-0.820703 0.942478 0
0.784816 0.973894 0
-0.784816 0.973894 0
0.748155 1.00531 0
-0.748155 1.00531 0
0.710756 1.036726 0
-0.710756 1.036726 0
0.672655 1.068142 0
-0.672655 1.068142 0
0.63389 1.099557 0
-0.63389 1.099557 0
0.5945 1.130973 0
-0.5945 1.130973 0
0.554523 1.162389 0
-0.554523 1.162389 0
0.513999 1.193805 0
-0.513999 1.193805 0
0.472967 1.225221 0
-0.472967 1.225221 0
0.431469 1.256637 0
-0.431469 1.256637 0
0.389545 1.288053 0
-0.389545 1.288053 0
0.347237 1.319469 0
-0.347237 1.319469 0
0.304585 1.350885 0
-0.304585 1.350885 0
0.261634 1.382301 0
-0.261634 1.382301 0
0.218424 1.413717 0
-0.218424 1.413717 0
0.174998 1.445133 0
-0.174998 1.445133 0
0.1314 1.476549 0
-0.1314 1.476549 0
0.087672 1.507964 0
-0.087672 1.507964 0
0.043858 1.53938 0
-0.043858 1.53938 0
0 1.570796 0
0 1.570796 0
0 -1.570796 0
0 -1.570796 0
0.054822 -1.53938 0
-0.054822 -1.53938 0
0.10959 -1.507964 0
-0.10959 -1.507964 0
0.16425 -1.476549 0
-0.16425 -1.476549 0
0.218748 -1.445133 0
-0.218748 -1.445133 0
0.27303 -1.413717 0
-0.27303 -1.413717 0
0.327042 -1.382301 0
-0.327042 -1.382301 0
0.380732 -1.350885 0
-0.380732 -1.350885 0
0.434046 -1.319469 0
-0.434046 -1.319469 0
0.486931 -1.288053 0
-0.486931 -1.288053 0
0.539336 -1.256637 0
-0.539336 -1.256637 0
0.591209 -1.225221 0
-0.591209 -1.225221 0
0.642499 -1.193805 0
-0.642499 -1.193805 0
0.693154 -1.162389 0
-0.693154 -1.162389 0
0.743125 -1.130973 0
-0.743125 -1.130973 0
0.792363 -1.099557 0
-0.792363 -1.099557 0
0.840819 -1.068142 0
-0.840819 -1.068142 0
0.888445 -1.036726 0
-0.888445 -1.036726 0
0.935194 -1.00531 0
-0.935194 -1.00531 0
0.981021 -0.973894 0
-0.981021 -0.973894 0
1.025879 -0.942478 0
-1.025879 -0.942478 0
1.069725 -0.911062 0
-1.069725 -0.911062 0
1.112515 -0.879646 0
-1.112515 -0.879646 0
1.154207 -0.84823 0
-1.154207 -0.84823 0
1.19476 -0.816814 0
-1.19476 -0.816814 0
1.234134 -0.785398 0
-1.234134 -0.785398 0
1.27229 -0.753982 0
-1.27229 -0.753982 0
1.309191 -0.722566 0
-1.309191 -0.722566 0
1.344799 -0.69115 0
-1.344799 -0.69115 0
1.379081 -0.659734 0
-1.379081 -0.659734 0
1.412001 -0.628319 0
-1.412001 -0.628319 0
1.443528 -0.596903 0
-1.443528 -0.596903 0
1.47363 -0.565487 0
-1.47363 -0.565487 0
1.502278 -0.534071 0
-1.502278 -0.534071 0
1.529444 -0.502655 0
-1.529444 -0.502655 0
1.5551 -0.471239 0
-1.5551 -0.471239 0
1.579221 -0.439823 0
-1.579221 -0.439823 0
1.601784 -0.408407 0
-1.601784 -0.408407 0
1.622766 -0.376991 0
-1.622766 -0.376991 0
1.642147 -0.345575 0
-1.642147 -0.345575 0
1.659907 -0.314159 0
-1.659907 -0.314159 0
1.676029 -0.282743 0
-1.676029 -0.282743 0
1.690497 -0.251327 0
-1.690497 -0.251327 0
1.703296 -0.219911 0
-1.703296 -0.219911 0
1.714415 -0.188496 0
-1.714415 -0.188496 0
1.723841 -0.15708 0
-1.723841 -0.15708 0
1.731567 -0.125664 0
-1.731567 -0.125664 0
1.737583 -0.094248 0
-1.737583 -0.094248 0
1.741885 -0.062832 0
-1.741885 -0.062832 0
1.744468 -0.031416 0
-1.744468 -0.031416 0
1.745329 0 0
-1.745329 0 0
1.744468 0.031416 0
-1.744468 0.031416 0
1.741885 0.062832 0
-1.741885 0.062832 0
1.737583 0.094248 0
-1.737583 0.094248 0
1.731567 0.125664 0
-1.731567 0.125664 0
1.723841 0.15708 0
-1.723841 0.15708 0
1.714415 0.188496 0
-1.714415 0.188496 0
1.703296 0.219911 0
-1.703296 0.219911 0
1.690497 0.251327 0
-1.690497 0.251327 0
1.676029 0.282743 0
-1.676029 0.282743 0
1.659907 0.314159 0
-1.659907 0.314159 0
1.642147 0.345575 0
-1.642147 0.345575 0
1.622766 0.376991 0
-1.622766 0.376991 0
1.601784 0.408407 0
-1.601784 0.408407 0
1.579221 0.439823 0
-1.579221 0.439823 0
1.5551 0.471239 0
-1.5551 0.471239 0
1.529444 0.502655 0
-1.529444 0.502655 0
1.502278 0.534071 0
-1.502278 0.534071 0
1.47363 0.565487 0
-1.47363 0.565487 0
1.443528 0.596903 0
-1.443528 0.596903 0
1.412001 0.628319 0
-1.412001 0.628319 0
1.379081 0.659734 0
-1.379081 0.659734 0
1.344799 0.69115 0
-1.344799 0.69115 0
1.309191 0.722566 0
-1.309191 0.722566 0
1.27229 0.753982 0
-1.27229 0.753982 0
1.234134 0.785398 0
-1.234134 0.785398 0
1.19476 0.816814 0
-1.19476 0.816814 0
1.154207 0.84823 0
-1.154207 0.84823 0
1.112515 0.879646 0
-1.112515 0.879646 0
1.069725 0.911062 0
-1.069725 0.911062 0
1.025879 0.942478 0
-1.025879 0.942478 0
0.981021 0.973894 0
-0.981021 0.973894 0
0.935194 1.00531 0
-0.935194 1.00531 0
0.888445 1.036726 0
-0.888445 1.036726 0
0.840819 1.068142 0
-0.840819 1.068142 0
0.792363 1.099557 0
-0.792363 1.099557 0
0.743125 1.130973 0
-0.743125 1.130973 0
0.693154 1.162389 0
-0.693154 1.162389 0
0.642499 1.193805 0
-0.642499 1.193805 0
0.591209 1.225221 0
-0.591209 1.225221 0
0.539336 1.256637 0
-0.539336 1.256637 0
0.486931 1.288053 0
-0.486931 1.288053 0
0.434046 1.319469 0
-0.434046 1.319469 0
0.380732 1.350885 0
-0.380732 1.350885 0
0.327042 1.382301 0
-0.327042 1.382301 0
0.27303 1.413717 0
-0.27303 1.413717 0
0.218748 1.445133 0
-0.218748 1.445133 0
0.16425 1.476549 0
-0.16425 1.476549 0
0.10959 1.507964 0
-0.10959 1.507964 0
0.054822 1.53938 0
-0.054822 1.53938 0
0 1.570796 0
0 1.570796 0
0 -1.570796 0
0 -1.570796 0
0.065787 -1.53938 0
-0.065787 -1.53938 0
0.131508 -1.507964 0
-0.131508 -1.507964 0
0.1971 -1.476549 0
-0.1971 -1.476549 0
0.262497 -1.445133 0
-0.262497 -1.445133 0
0.327636 -1.413717 0
-0.327636 -1.413717 0
0.392451 -1.382301 0
-0.392451 -1.382301 0
0.456878 -1.350885 0
-0.456878 -1.350885 0
0.520855 -1.319469 0
-0.520855 -1.319469 0
0.584318 -1.288053 0
-0.584318 -1.288053 0
0.647204 -1.256637 0
-0.647204 -1.256637 0
0.709451 -1.225221 0
-0.709451 -1.225221 0
0.770998 -1.193805 0
-0.770998 -1.193805 0
0.831785 -1.162389 0
-0.831785 -1.162389 0
0.89175 -1.130973 0
-0.89175 -1.130973 0
0.950835 -1.099557 0
-0.950835 -1.099557 0
1.008983 -1.068142 0
-1.008983 -1.068142 0
1.066134 -1.036726 0
-1.066134 -1.036726 0
1.122233 -1.00531 0
-1.122233 -1.00531 0
1.177225 -0.973894 0
-1.177225 -0.973894 0
1.231055 -0.942478 0
-1.231055 -0.942478 0
1.28367 -0.911062 0
-1.28367 -0.911062 0
1.335018 -0.879646 0
-1.335018 -0.879646 0
1.385048 -0.84823 0
-1.385048 -0.84823 0
1.433712 -0.816814 0
-1.433712 -0.816814 0
1.480961 -0.785398 0
-1.480961 -0.785398 0
1.526748 -0.753982 0
-1.526748 -0.753982 0
1.571029 -0.722566 0
-1.571029 -0.722566 0
1.613759 -0.69115 0
-1.613759 -0.69115 0
1.654897 -0.659734 0
-1.654897 -0.659734 0
1.694401 -0.628319 0
-1.694401 -0.628319 0
1.732234 -0.596903 0
-1.732234 -0.596903 0
1.768356 -0.565487 0
-1.768356 -0.565487 0
1.802734 -0.534071 0
-1.802734 -0.534071 0
1.835332 -0.502655 0
-1.835332 -0.502655 0
1.86612 -0.471239 0
-1.86612 -0.471239 0
1.895065 -0.439823 0
-1.895065 -0.439823 0
1.922141 -0.408407 0
-1.922141 -0.408407 0
1.947319 -0.376991 0
-1.947319 -0.376991 0
1.970576 -0.345575 0
-1.970576 -0.345575 0
1.991888 -0.314159 0
-1.991888 -0.314159 0
2.011234 -0.282743 0
-2.011234 -0.282743 0
2.028596 -0.251327 0
-2.028596 -0.251327 0
2.043955 -0.219911 0
-2.043955 -0.219911 0
2.057298 -0.188496 0
-2.057298 -0.188496 0
2.06861 -0.15708 0
-2.06861 -0.15708 0
2.07788 -0.125664 0
-2.07788 -0.125664 0
2.0851 -0.094248 0
-2.0851 -0.094248 0
2.090262 -0.062832 0
-2.090262 -0.062832 0
2.093362 -0.031416 0
-2.093362 -0.031416 0
2.094395 0 0
-2.094395 0 0
2.093362 0.031416 0
-2.093362 0.031416 0
2.090262 0.062832 0
-2.090262 0.062832 0
2.0851 0.094248 0
-2.0851 0.094248 0
2.07788 0.125664 0
-2.07788 0.125664 0
2.06861 0.15708 0
-2.06861 0.15708 0
2.057298 0.188496 0
-2.057298 0.188496 0
2.043955 0.219911 0
-2.043955 0.219911 0
2.028596 0.251327 0
-2.028596 0.251327 0
2.011234 0.282743 0
-2.011234 0.282743 0
1.991888 0.314159 0
-1.991888 0.314159 0
1.970576 0.345575 0
-1.970576 0.345575 0
1.947319 0.376991 0
-1.947319 0.376991 0
1.922141 0.408407 0
-1.922141 0.408407 0
1.895065 0.439823 0
-1.895065 0.439823 0
1.86612 0.471239 0
-1.86612 0.471239 0
1.835332 0.502655 0
-1.835332 0.502655 0
1.802734 0.534071 0
-1.802734 0.534071 0
1.768356 0.565487 0
-1.768356 0.565487 0
1.732234 0.596903 0
-1.732234 0.596903 0
1.694401 0.628319 0
-1.694401 0.628319 0
1.654897 0.659734 0
-1.654897 0.659734 0
1.613759 0.69115 0
-1.613759 0.69115 0
1.571029 0.722566 0
-1.571029 0.722566 0
1.526748 0.753982 0
-1.526748 0.753982 0
1.480961 0.785398 0
-1.480961 0.785398 0
1.433712 0.816814 0
-1.433712 0.816814 0
1.385048 0.84823 0
-1.385048 0.84823 0
1.335018 0.879646 0
-1.335018 0.879646 0
1.28367 0.911062 0
-1.28367 0.911062 0
1.231055 0.942478 0
-1.231055 0.942478 0
1.177225 0.973894 0
-1.177225 0.973894 0
1.122233 1.00531 0
-1.122233 1.00531 0
1.066134 1.036726 0
-1.066134 1.036726 0
1.008983 1.068142 0
-1.008983 1.068142 0
0.950835 1.099557 0
-0.950835 1.099557 0
0.89175 1.130973 0
-0.89175 1.130973 0
0.831785 1.162389 0
-0.831785 1.162389 0
0.770998 1.193805 0
-0.770998 1.193805 0
0.709451 1.225221 0
-0.709451 1.225221 0
0.647204 1.256637 0
-0.647204 1.256637 0
0.584318 1.288053 0
-0.584318 1.288053 0
0.520855 1.319469 0
-0.520855 1.319469 0
0.456878 1.350885 0
-0.456878 1.350885 0
0.392451 1.382301 0
-0.392451 1.382301 0
0.327636 1.413717 0
-0.327636 1.413717 0
0.262497 1.445133 0
-0.262497 1.445133 0
0.1971 1.476549 0
-0.1971 1.476549 0
0.131508 1.507964 0
-0.131508 1.507964 0
0.065787 1.53938 0
-0.065787 1.53938 0
0 1.570796 0
0 1.570796 0
0 -1.570796 0
0 -1.570796 0
0.076751 -1.53938 0
-0.076751 -1.53938 0
0.153426 -1.507964 0
-0.153426 -1.507964 0
0.22995 -1.476549 0
-0.22995 -1.476549 0
0.306247 -1.445133 0
-0.306247 -1.445133 0
0.382242 -1.413717 0
-0.382242 -1.413717 0
0.457859 -1.382301 0
-0.457859 -1.382301 0
0.533024 -1.350885 0
-0.533024 -1.350885 0
0.607664 -1.319469 0
-0.607664 -1.319469 0
0.681704 -1.288053 0
-0.681704 -1.288053 0
0.755071 -1.256637 0
-0.755071 -1.256637 0
0.827693 -1.225221 0
-0.827693 -1.225221 0
0.899498 -1.193805 0
-0.899498 -1.193805 0
0.970415 -1.162389 0
-0.970415 -1.162389 0
1.040375 -1.130973 0
-1.040375 -1.130973 0
1.109308 -1.099557 0
-1.109308 -1.099557 0
1.177146 -1.068142 0
-1.177146 -1.068142 0
1.243823 -1.036726 0
-1.243823 -1.036726 0
1.309272 -1.00531 0
-1.309272 -1.00531 0
1.373429 -0.973894 0
-1.373429 -0.973894 0
1.43623 -0.942478 0
-1.43623 -0.942478 0
1.497614 -0.911062 0
-1.497614 -0.911062 0
1.557521 -0.879646 0
-1.557521 -0.879646 0
1.61589 -0.84823 0
-1.61589 -0.84823 0
1.672664 -0.816814 0
-1.672664 -0.816814 0
1.727788 -0.785398 0
-1.727788 -0.785398 0
1.781206 -0.753982 0
-1.781206 -0.753982 0
1.832867 -0.722566 0
-1.832867 -0.722566 0
1.882719 -0.69115 0
-1.882719 -0.69115 0
1.930713 -0.659734 0
-1.930713 -0.659734 0
1.976801 -0.628319 0
-1.976801 -0.628319 0
2.020939 -0.596903 0
-2.020939 -0.596903 0
2.063082 -0.565487 0
-2.063082 -0.565487 0
2.10319 -0.534071 0
-2.10319 -0.534071 0
2.141221 -0.502655 0
-2.141221 -0.502655 0
2.17714 -0.471239 0
-2.17714 -0.471239 0
2.21091 -0.439823 0
-2.21091 -0.439823 0
2.242498 -0.408407 0
-2.242498 -0.408407 0
2.271873 -0.376991 0
-2.271873 -0.376991 0
2.299005 -0.345575 0
-2.299005 -0.345575 0
2.323869 -0.314159 0
-2.323869 -0.314159 0
2.34644 -0.282743 0
-2.34644 -0.282743 0
2.366695 -0.251327 0
-2.366695 -0.251327 0
2.384615 -0.219911 0
-2.384615 -0.219911 0
2.400181 -0.188496 0
-2.400181 -0.188496 0
2.413378 -0.15708 0
-2.413378 -0.15708 0
2.424194 -0.125664 0
-2.424194 -0.125664 0
2.432617 -0.094248 0
-2.432617 -0.094248 0
2.438639 -0.062832 0
-2.438639 -0.062832 0
2.442255 -0.031416 0
-2.442255 -0.031416 0
2.443461 0 0
-2.443461 0 0
2.442255 0.031416 0
-2.442255 0.031416 0
2.438639 0.062832 0
-2.438639 0.062832 0
2.432617 0.094248 0
-2.432617 0.094248 0
2.424194 0.125664 0
-2.424194 0.125664 0
2.413378 0.15708 0
-2.413378 0.15708 0
2.400181 0.188496 0
-2.400181 0.188496 0
2.384615 0.219911 0
-2.384615 0.219911 0
2.366695 0.251327 0
-2.366695 0.251327 0
2.34644 0.282743 0
-2.34644 0.282743 0
2.323869 0.314159 0
-2.323869 0.314159 0
2.299005 0.345575 0
-2.299005 0.345575 0
2.271873 0.376991 0
-2.271873 0.376991 0
2.242498 0.408407 0
-2.242498 0.408407 0
2.21091 0.439823 0
-2.21091 0.439823 0
2.17714 0.471239 0
-2.17714 0.471239 0
2.141221 0.502655 0
-2.141221 0.502655 0
2.10319 0.534071 0
-2.10319 0.534071 0
2.063082 0.565487 0
-2.063082 0.565487 0
2.020939 0.596903 0
-2.020939 0.596903 0
1.976801 0.628319 0
-1.976801 0.628319 0
1.930713 0.659734 0
-1.930713 0.659734 0
1.882719 0.69115 0
-1.882719 0.69115 0
1.832867 0.722566 0
-1.832867 0.722566 0
1.781206 0.753982 0
-1.781206 0.753982 0
1.727788 0.785398 0
-1.727788 0.785398 0
1.672664 0.816814 0
-1.672664 0.816814 0
1.61589 0.84823 0
-1.61589 0.84823 0
1.557521 0.879646 0
-1.557521 0.879646 0
1.497614 0.911062 0
-1.497614 0.911062 0
1.43623 0.942478 0
-1.43623 0.942478 0
1.373429 0.973894 0
-1.373429 0.973894 0
1.309272 1.00531 0
-1.309272 1.00531 0
1.243823 1.036726 0
-1.243823 1.036726 0
1.177146 1.068142 0
-1.177146 1.068142 0
1.109308 1.099557 0
-1.109308 1.099557 0
1.040375 1.130973 0
-1.040375 1.130973 0
0.970415 1.162389 0
-0.970415 1.162389 0
0.899498 1.193805 0
-0.899498 1.193805 0
0.827693 1.225221 0
-0.827693 1.225221 0
0.755071 1.256637 0
-0.755071 1.256637 0
0.681704 1.288053 0
-0.681704 1.288053 0
0.607664 1.319469 0
-0.607664 1.319469 0
0.533024 1.350885 0
-0.533024 1.350885 0
0.457859 1.382301 0
-0.457859 1.382301 0
0.382242 1.413717 0
-0.382242 1.413717 0
0.306247 1.445133 0
-0.306247 1.445133 0
0.22995 1.476549 0
-0.22995 1.476549 0
0.153426 1.507964 0
-0.153426 1.507964 0
0.076751 1.53938 0
-0.076751 1.53938 0
0 1.570796 0
0 1.570796 0
0 -1.570796 0
0 -1.570796 0
0.087715 -1.53938 0
-0.087715 -1.53938 0
0.175344 -1.507964 0
-0.175344 -1.507964 0
0.2628 -1.476549 0
-0.2628 -1.476549 0
0.349996 -1.445133 0
-0.349996 -1.445133 0
0.436847 -1.413717 0
-0.436847 -1.413717 0
0.523267 -1.382301 0
-0.523267 -1.382301 0
0.609171 -1.350885 0
-0.609171 -1.350885 0
0.694473 -1.319469 0
-0.694473 -1.319469 0
0.77909 -1.288053 0
-0.77909 -1.288053 0
0.862938 -1.256637 0
-0.862938 -1.256637 0
0.945935 -1.225221 0
-0.945935 -1.225221 0
1.027998 -1.193805 0
-1.027998 -1.193805 0
1.109046 -1.162389 0
-1.109046 -1.162389 0
1.189 -1.130973 0
-1.189 -1.130973 0
1.267781 -1.099557 0
-1.267781 -1.099557 0
1.34531 -1.068142 0
-1.34531 -1.068142 0
1.421512 -1.036726 0
-1.421512 -1.036726 0
1.496311 -1.00531 0
-1.496311 -1.00531 0
1.569633 -0.973894 0
-1.569633 -0.973894 0
1.641406 -0.942478 0
-1.641406 -0.942478 0
1.711559 -0.911062 0
-1.711559 -0.911062 0
1.780024 -0.879646 0
-1.780024 -0.879646 0
1.846731 -0.84823 0
-1.846731 -0.84823 0
1.911616 -0.816814 0
-1.911616 -0.816814 0
1.974615 -0.785398 0
-1.974615 -0.785398 0
2.035664 -0.753982 0
-2.035664 -0.753982 0
2.094705 -0.722566 0
-2.094705 -0.722566 0
2.151679 -0.69115 0
-2.151679 -0.69115 0
2.206529 -0.659734 0
-2.206529 -0.659734 0
2.259202 -0.628319 0
-2.259202 -0.628319 0
2.309645 -0.596903 0
-2.309645 -0.596903 0
2.357808 -0.565487 0
-2.357808 -0.565487 0
2.403645 -0.534071 0
-2.403645 -0.534071 0
2.44711 -0.502655 0
-2.44711 -0.502655 0
2.48816 -0.471239 0
-2.48816 -0.471239 0
2.526754 -0.439823 0
-2.526754 -0.439823 0
2.562854 -0.408407 0
-2.562854 -0.408407 0
2.596426 -0.376991 0
-2.596426 -0.376991 0
2.627435 -0.345575 0
-2.627435 -0.345575 0
2.655851 -0.314159 0
-2.655851 -0.314159 0
2.681646 -0.282743 0
-2.681646 -0.282743 0
2.704794 -0.251327 0
-2.704794 -0.251327 0
2.725274 -0.219911 0
-2.725274 -0.219911 0
2.743063 -0.188496 0
-2.743063 -0.188496 0
2.758146 -0.15708 0
-2.758146 -0.15708 0
2.770507 -0.125664 0
-2.770507 -0.125664 0
2.780133 -0.094248 0
-2.780133 -0.094248 0
2.787016 -0.062832 0
-2.787016 -0.062832 0
2.791149 -0.031416 0
-2.791149 -0.031416 0
2.792527 0 0
-2.792527 0 0
2.791149 0.031416 0
-2.791149 0.031416 0
2.787016 0.062832 0
-2.787016 0.062832 0
2.780133 0.094248 0
-2.780133 0.094248 0
2.770507 0.125664 0
-2.770507 0.125664 0
2.758146 0.15708 0
-2.758146 0.15708 0
2.743063 0.188496 0
-2.743063 0.188496 0
2.725274 0.219911 0
-2.725274 0.219911 0
2.704794 0.251327 0
-2.704794 0.251327 0
2.681646 0.282743 0
-2.681646 0.282743 0
2.655851 0.314159 0
-2.655851 0.314159 0
2.627435 0.345575 0
-2.627435 0.345575 0
2.596426 0.376991 0
-2.596426 0.376991 0
2.562854 0.408407 0
-2.562854 0.408407 0
2.526754 0.439823 0
-2.526754 0.439823 0
2.48816 0.471239 0
-2.48816 0.471239 0
2.44711 0.502655 0
-2.44711 0.502655 0
2.403645 0.534071 0
-2.403645 0.534071 0
2.357808 0.565487 0
-2.357808 0.565487 0
2.309645 0.596903 0
-2.309645 0.596903 0
2.259202 0.628319 0
-2.259202 0.628319 0
2.206529 0.659734 0
-2.206529 0.659734 0
2.151679 0.69115 0
-2.151679 0.69115 0
2.094705 0.722566 0
-2.094705 0.722566 0
2.035664 0.753982 0
-2.035664 0.753982 0
1.974615 0.785398 0
-1.974615 0.785398 0
1.911616 0.816814 0
-1.911616 0.816814 0
1.846731 0.84823 0
-1.846731 0.84823 0
1.780024 0.879646 0
-1.780024 0.879646 0
1.711559 0.911062 0
-1.711559 0.911062 0
1.641406 0.942478 0
-1.641406 0.942478 0
1.569633 0.973894 0
-1.569633 0.973894 0
1.496311 1.00531 0
-1.496311 1.00531 0
1.421512 1.036726 0
-1.421512 1.036726 0
1.34531 1.068142 0
-1.34531 1.068142 0
1.267781 1.099557 0
-1.267781 1.099557 0
1.189 1.130973 0
-1.189 1.130973 0
1.109046 1.162389 0
-1.109046 1.162389 0
1.027998 1.193805 0
-1.027998 1.193805 0
0.945935 1.225221 0
-0.945935 1.225221 0
0.862938 1.256637 0
-0.862938 1.256637 0
0.77909 1.288053 0
-0.77909 1.288053 0
0.694473 1.319469 0
-0.694473 1.319469 0
0.609171 1.350885 0
-0.609171 1.350885 0
0.523267 1.382301 0
-0.523267 1.382301 0
0.436847 1.413717 0
-0.436847 1.413717 0
0.349996 1.445133 0
-0.349996 1.445133 0
0.2628 1.476549 0
-0.2628 1.476549 0
0.175344 1.507964 0
-0.175344 1.507964 0
0.087715 1.53938 0
-0.087715 1.53938 0
0 1.570796 0
0 1.570796 0
0 -1.570796 0
0 -1.570796 0
0.09868 -1.53938 0
-0.09868 -1.53938 0
0.197262 -1.507964 0
-0.197262 -1.507964 0
0.29565 -1.476549 0
-0.29565 -1.476549 0
0.393746 -1.445133 0
-0.393746 -1.445133 0
0.491453 -1.413717 0
-0.491453 -1.413717 0
0.588676 -1.382301 0
-0.588676 -1.382301 0
0.685317 -1.350885 0
-0.685317 -1.350885 0
0.781282 -1.319469 0
-0.781282 -1.319469 0
0.876476 -1.288053 0
-0.876476 -1.288053 0
0.970806 -1.256637 0
-0.970806 -1.256637 0
1.064177 -1.225221 0
-1.064177 -1.225221 0
1.156497 -1.193805 0
-1.156497 -1.193805 0
1.247677 -1.162389 0
-1.247677 -1.162389 0
1.337625 -1.130973 0
-1.337625 -1.130973 0
1.426253 -1.099557 0
-1.426253 -1.099557 0
1.513474 -1.068142 0
-1.513474 -1.068142 0
1.599201 -1.036726 0
-1.599201 -1.036726 0
1.68335 -1.00531 0
-1.68335 -1.00531 0
1.765837 -0.973894 0
-1.765837 -0.973894 0
1.846582 -0.942478 0
-1.846582 -0.942478 0
1.925504 -0.911062 0
-1.925504 -0.911062 0
2.002527 -0.879646 0
-2.002527 -0.879646 0
2.077572 -0.84823 0
-2.077572 -0.84823 0
2.150568 -0.816814 0
-2.150568 -0.816814 0
2.221441 -0.785398 0
-2.221441 -0.785398 0
2.290122 -0.753982 0
-2.290122 -0.753982 0
2.356543 -0.722566 0
-2.356543 -0.722566 0
2.420639 -0.69115 0
-2.420639 -0.69115 0
2.482345 -0.659734 0
-2.482345 -0.659734 0
2.541602 -0.628319 0
-2.541602 -0.628319 0
2.59835 -0.596903 0
-2.59835 -0.596903 0
2.652534 -0.565487 0
-2.652534 -0.565487 0
2.704101 -0.534071 0
-2.704101 -0.534071 0
2.752999 -0.502655 0
-2.752999 -0.502655 0
2.79918 -0.471239 0
-2.79918 -0.471239 0
2.842598 -0.439823 0
-2.842598 -0.439823 0
2.883211 -0.408407 0
-2.883211 -0.408407 0
2.920979 -0.376991 0
-2.920979 -0.376991 0
2.955864 -0.345575 0
-2.955864 -0.345575 0
2.987832 -0.314159 0
-2.987832 -0.314159 0
3.016852 -0.282743 0
-3.016852 -0.282743 0
3.042894 -0.251327 0
-3.042894 -0.251327 0
3.065933 -0.219911 0
-3.065933 -0.219911 0
3.085946 -0.188496 0
-3.085946 -0.188496 0
3.102914 -0.15708 0
-3.102914 -0.15708 0
3.11682 -0.125664 0
-3.11682 -0.125664 0
3.12765 -0.094248 0
-3.12765 -0.094248 0
3.135393 -0.062832 0
-3.135393 -0.062832 0
3.140042 -0.031416 0
-3.140042 -0.031416 0
3.141593 0 0
-3.141593 0 0
3.140042 0.031416 0
-3.140042 0.031416 0
3.135393 0.062832 0
-3.135393 0.062832 0
3.12765 0.094248 0
-3.12765 0.094248 0
3.11682 0.125664 0
-3.11682 0.125664 0
3.102914 0.15708 0
-3.102914 0.15708 0
3.085946 0.188496 0
-3.085946 0.188496 0
3.065933 0.219911 0
-3.065933 0.219911 0
3.042894 0.251327 0
-3.042894 0.251327 0
3.016852 0.282743 0
-3.016852 0.282743 0
2.987832 0.314159 0
-2.987832 0.314159 0
2.955864 0.345575 0
-2.955864 0.345575 0
2.920979 0.376991 0
-2.920979 0.376991 0
2.883211 0.408407 0
-2.883211 0.408407 0
2.842598 0.439823 0
-2.842598 0.439823 0
2.79918 0.471239 0
-2.79918 0.471239 0
2.752999 0.502655 0
-2.752999 0.502655 0
2.704101 0.534071 0
-2.704101 0.534071 0
2.652534 0.565487 0
-2.652534 0.565487 0
2.59835 0.596903 0
-2.59835 0.596903 0
2.541602 0.628319 0
-2.541602 0.628319 0
2.482345 0.659734 0
-2.482345 0.659734 0
2.420639 0.69115 0
-2.420639 0.69115 0
2.356543 0.722566 0
-2.356543 0.722566 0
2.290122 0.753982 0
-2.290122 0.753982 0
2.221441 0.785398 0
-2.221441 0.785398 0
2.150568 0.816814 0
-2.150568 0.816814 0
2.077572 0.84823 0
-2.077572 0.84823 0
2.002527 0.879646 0
-2.002527 0.879646 0
1.925504 0.911062 0
-1.925504 0.911062 0
1.846582 0.942478 0
-1.846582 0.942478 0
1.765837 0.973894 0
-1.765837 0.973894 0
1.68335 1.00531 0
-1.68335 1.00531 0
1.599201 1.036726 0
-1.599201 1.036726 0
1.513474 1.068142 0
-1.513474 1.068142 0
1.426253 1.099557 0
-1.426253 1.099557 0
1.337625 1.130973 0
-1.337625 1.130973 0
1.247677 1.162389 0
-1.247677 1.162389 0
1.156497 1.193805 0
-1.156497 1.193805 0
1.064177 1.225221 0
-1.064177 1.225221 0
0.970806 1.256637 0
-0.970806 1.256637 0
0.876476 1.288053 0
-0.876476 1.288053 0
0.781282 1.319469 0
-0.781282 1.319469 0
0.685317 1.350885 0
-0.685317 1.350885 0
0.588676 1.382301 0
-0.588676 1.382301 0
0.491453 1.413717 0
-0.491453 1.413717 0
0.393746 1.445133 0
-0.393746 1.445133 0
0.29565 1.476549 0
-0.29565 1.476549 0
0.197262 1.507964 0
-0.197262 1.507964 0
0.09868 1.53938 0
-0.09868 1.53938 0
0 1.570796 0
0 1.570796 0
-3.141593 0 0
-3.141593 0 0
-3.078761 0 0
-3.078761 0 0
-3.015929 0 0
-3.015929 0 0
-2.953097 0 0
-2.953097 0 0
-2.890265 0 0
-2.890265 0 0
-2.827433 0 0
-2.827433 0 0
-2.764602 0 0
-2.764602 0 0
-2.70177 0 0
-2.70177 0 0
-2.638938 0 0
-2.638938 0 0
-2.576106 0 0
-2.576106 0 0
-2.513274 0 0
-2.513274 0 0
-2.450442 0 0
-2.450442 0 0
-2.38761 0 0
-2.38761 0 0
-2.324779 0 0
-2.324779 0 0
-2.261947 0 0
-2.261947 0 0
-2.199115 0 0
-2.199115 0 0
-2.136283 0 0
-2.136283 0 0
-2.073451 0 0
-2.073451 0 0
-2.010619 0 0
-2.010619 0 0
-1.947787 0 0
-1.947787 0 0
-1.884956 0 0
-1.884956 0 0
-1.822124 0 0
-1.822124 0 0
-1.759292 0 0
-1.759292 0 0
-1.69646 0 0
-1.69646 0 0
-1.633628 0 0
-1.633628 0 0
-1.570796 0 0
-1.570796 0 0
-1.507964 0 0
-1.507964 0 0
-1.445133 0 0
-1.445133 0 0
-1.382301 0 0
-1.382301 0 0
-1.319469 0 0
-1.319469 0 0
-1.256637 0 0
-1.256637 0 0
-1.193805 0 0
-1.193805 0 0
-1.130973 0 0
-1.130973 0 0
-1.068142 0 0
-1.068142 0 0
-1.00531 0 0
-1.00531 0 0
-0.942478 0 0
-0.942478 0 0
-0.879646 0 0
-0.879646 0 0
-0.816814 0 0
-0.816814 0 0
-0.753982 0 0
-0.753982 0 0
-0.69115 0 0
-0.69115 0 0
-0.628319 0 0
-0.628319 0 0
-0.565487 0 0
-0.565487 0 0
-0.502655 0 0
-0.502655 0 0
-0.439823 0 0
-0.439823 0 0
-0.376991 0 0
-0.376991 0 0
-0.314159 0 0
-0.314159 0 0
-0.251327 0 0
-0.251327 0 0
-0.188496 0 0
-0.188496 0 0
-0.125664 0 0
-0.125664 0 0
-0.062832 0 0
-0.062832 0 0
0 0 0
0 0 0
0.062832 0 0
0.062832 0 0
0.125664 0 0
0.125664 0 0
0.188496 0 0
0.188496 0 0
0.251327 0 0
0.251327 0 0
0.314159 0 0
0.314159 0 0
0.376991 0 0
0.376991 0 0
0.439823 0 0
0.439823 0 0
0.502655 0 0
0.502655 0 0
0.565487 0 0
0.565487 0 0
0.628319 0 0
0.628319 0 0
0.69115 0 0
0.69115 0 0
0.753982 0 0
0.753982 0 0
0.816814 0 0
0.816814 0 0
0.879646 0 0
0.879646 0 0
0.942478 0 0
0.942478 0 0
1.00531 0 0
1.00531 0 0
1.068142 0 0
1.068142 0 0
1.130973 0 0
1.130973 0 0
1.193805 0 0
1.193805 0 0
1.256637 0 0
1.256637 0 0
1.319469 0 0
1.319469 0 0
1.382301 0 0
1.382301 0 0
1.445133 0 0
1.445133 0 0
1.507964 0 0
1.507964 0 0
1.570796 0 0
1.570796 0 0
1.633628 0 0
1.633628 0 0
1.69646 0 0
1.69646 0 0
1.759292 0 0
1.759292 0 0
1.822124 0 0
1.822124 0 0
1.884956 0 0
1.884956 0 0
1.947787 0 0
1.947787 0 0
2.010619 0 0
2.010619 0 0
2.073451 0 0
2.073451 0 0
2.136283 0 0
2.136283 0 0
2.199115 0 0
2.199115 0 0
2.261947 0 0
2.261947 0 0
2.324779 0 0
2.324779 0 0
2.38761 0 0
2.38761 0 0
2.450442 0 0
2.450442 0 0
2.513274 0 0
2.513274 0 0
2.576106 0 0
2.576106 0 0
2.638938 0 0
2.638938 0 0
2.70177 0 0
2.70177 0 0
2.764602 0 0
2.764602 0 0
2.827433 0 0
2.827433 0 0
2.890265 0 0
2.890265 0 0
2.953097 0 0
2.953097 0 0
3.015929 0 0
3.015929 0 0
3.078761 0 0
3.078761 0 0
3.141593 0 0
3.141593 0 0
-3.093865 0.174533 0
-3.093865 -0.174533 0
-3.031988 0.174533 0
-3.031988 -0.174533 0
-2.97011 0.174533 0
-2.97011 -0.174533 0
-2.908233 0.174533 0
-2.908233 -0.174533 0
-2.846356 0.174533 0
-2.846356 -0.174533 0
-2.784478 0.174533 0
-2.784478 -0.174533 0
-2.722601 0.174533 0
-2.722601 -0.174533 0
-2.660724 0.174533 0
-2.660724 -0.174533 0
-2.598846 0.174533 0
-2.598846 -0.174533 0
-2.536969 0.174533 0
-2.536969 -0.174533 0
-2.475092 0.174533 0
-2.475092 -0.174533 0
-2.413215 0.174533 0
-2.413215 -0.174533 0
-2.351337 0.174533 0
-2.351337 -0.174533 0
-2.28946 0.174533 0
-2.28946 -0.174533 0
-2.227583 0.174533 0
-2.227583 -0.174533 0
-2.165705 0.174533 0
-2.165705 -0.174533 0
-2.103828 0.174533 0
-2.103828 -0.174533 0
-2.041951 0.174533 0
-2.041951 -0.174533 0
-1.980073 0.174533 0
-1.980073 -0.174533 0
-1.918196 0.174533 0
-1.918196 -0.174533 0
-1.856319 0.174533 0
-1.856319 -0.174533 0
-1.794442 0.174533 0
-1.794442 -0.174533 0
-1.732564 0.174533 0
-1.732564 -0.174533 0
-1.670687 0.174533 0
-1.670687 -0.174533 0
-1.60881 0.174533 0
-1.60881 -0.174533 0
-1.546932 0.174533 0
-1.546932 -0.174533 0
-1.485055 0.174533 0
-1.485055 -0.174533 0
-1.423178 0.174533 0
-1.423178 -0.174533 0
-1.361301 0.174533 0
-1.361301 -0.174533 0
-1.299423 0.174533 0
-1.299423 -0.174533 0
-1.237546 0.174533 0
-1.237546 -0.174533 0
-1.175669 0.174533 0
-1.175669 -0.174533 0
-1.113791 0.174533 0
-1.113791 -0.174533 0
-1.051914 0.174533 0
-1.051914 -0.174533 0
-0.990037 0.174533 0
-0.990037 -0.174533 0
-0.928159 0.174533 0
-0.928159 -0.174533 0
-0.866282 0.174533 0
-0.866282 -0.174533 0
-0.804405 0.174533 0
-0.804405 -0.174533 0
-0.742528 0.174533 0
-0.742528 -0.174533 0
-0.68065 0.174533 0
-0.68065 -0.174533 0
-0.618773 0.174533 0
-0.618773 -0.174533 0
-0.556896 0.174533 0
-0.556896 -0.174533 0
-0.495018 0.174533 0
-0.495018 -0.174533 0
-0.433141 0.174533 0
-0.433141 -0.174533 0
-0.371264 0.174533 0
-0.371264 -0.174533 0
-0.309386 0.174533 0
-0.309386 -0.174533 0
-0.247509 0.174533 0
-0.247509 -0.174533 0
-0.185632 0.174533 0
-0.185632 -0.174533 0
-0.123755 0.174533 0
-0.123755 -0.174533 0
-0.061877 0.174533 0
-0.061877 -0.174533 0
0 0.174533 0
0 -0.174533 0
0.061877 0.174533 0
0.061877 -0.174533 0
0.123755 0.174533 0
0.123755 -0.174533 0
0.185632 0.174533 0
0.185632 -0.174533 0
0.247509 0.174533 0
0.247509 -0.174533 0
0.309386 0.174533 0
0.309386 -0.174533 0
0.371264 0.174533 0
0.371264 -0.174533 0
0.433141 0.174533 0
0.433141 -0.174533 0
0.495018 0.174533 0
0.495018 -0.174533 0
0.556896 0.174533 0
0.556896 -0.174533 0
0.618773 0.174533 0
0.618773 -0.174533 0
0.68065 0.174533 0
0.68065 -0.174533 0
0.742528 0.174533 0
0.742528 -0.174533 0
0.804405 0.174533 0
0.804405 -0.174533 0
0.866282 0.174533 0
0.866282 -0.174533 0
0.928159 0.174533 0
0.928159 -0.174533 0
0.990037 0.174533 0
0.990037 -0.174533 0
1.051914 0.174533 0
1.051914 -0.174533 0
1.113791 0.174533 0
1.113791 -0.174533 0
1.175669 0.174533 0
1.175669 -0.174533 0
1.237546 0.174533 0
1.237546 -0.174533 0
1.299423 0.174533 0
1.299423 -0.174533 0
1.361301 0.174533 0
1.361301 -0.174533 0
1.423178 0.174533 0
1.423178 -0.174533 0
1.485055 0.174533 0
1.485055 -0.174533 0
1.546932 0.174533 0
1.546932 -0.174533 0
1.60881 0.174533 0
1.60881 -0.174533 0
1.670687 0.174533 0
1.670687 -0.174533 0
1.732564 0.174533 0
1.732564 -0.174533 0
1.794442 0.174533 0
1.794442 -0.174533 0
1.856319 0.174533 0
1.856319 -0.174533 0
1.918196 0.174533 0
1.918196 -0.174533 0
1.980073 0.174533 0
1.980073 -0.174533 0
2.041951 0.174533 0
2.041951 -0.174533 0
2.103828 0.174533 0
2.103828 -0.174533 0
2.165705 0.174533 0
2.165705 -0.174533 0
2.227583 0.174533 0
2.227583 -0.174533 0
2.28946 0.174533 0
2.28946 -0.174533 0
2.351337 0.174533 0
2.351337 -0.174533 0
2.413215 0.174533 0
2.413215 -0.174533 0
2.475092 0.174533 0
2.475092 -0.174533 0
2.536969 0.174533 0
2.536969 -0.174533 0
2.598846 0.174533 0
2.598846 -0.174533 0
2.660724 0.174533 0
2.660724 -0.174533 0
2.722601 0.174533 0
2.722601 -0.174533 0
2.784478 0.174533 0
2.784478 -0.174533 0
2.846356 0.174533 0
2.846356 -0.174533 0
2.908233 0.174533 0
2.908233 -0.174533 0
2.97011 0.174533 0
2.97011 -0.174533 0
3.031988 0.174533 0
3.031988 -0.174533 0
3.093865 0.174533 0
3.093865 -0.174533 0
-2.952131 0.349066 0
-2.952131 -0.349066 0
-2.893089 0.349066 0
-2.893089 -0.349066 0
-2.834046 0.349066 0
-2.834046 -0.349066 0
-2.775004 0.349066 0
-2.775004 -0.349066 0
-2.715961 0.349066 0
-2.715961 -0.349066 0
-2.656918 0.349066 0
-2.656918 -0.349066 0
-2.597876 0.349066 0
-2.597876 -0.349066 0
-2.538833 0.349066 0
-2.538833 -0.349066 0
-2.47979 0.349066 0
-2.47979 -0.349066 0
-2.420748 0.349066 0
-2.420748 -0.349066 0
-2.361705 0.349066 0
-2.361705 -0.349066 0
-2.302663 0.349066 0
-2.302663 -0.349066 0
-2.24362 0.349066 0
-2.24362 -0.349066 0
-2.184577 0.349066 0
-2.184577 -0.349066 0
-2.125535 0.349066 0
-2.125535 -0.349066 0
-2.066492 0.349066 0
-2.066492 -0.349066 0
-2.007449 0.349066 0
-2.007449 -0.349066 0
-1.948407 0.349066 0
-1.948407 -0.349066 0
-1.889364 0.349066 0
-1.889364 -0.349066 0
-1.830321 0.349066 0
-1.830321 -0.349066 0
-1.771279 0.349066 0
-1.771279 -0.349066 0
-1.712236 0.349066 0
-1.712236 -0.349066 0
-1.653194 0.349066 0
-1.653194 -0.349066 0
-1.594151 0.349066 0
-1.594151 -0.349066 0
-1.535108 0.349066 0
-1.535108 -0.349066 0
-1.476066 0.349066 0
-1.476066 -0.349066 0
-1.417023 0.349066 0
-1.417023 -0.349066 0
-1.35798 0.349066 0
-1.35798 -0.349066 0
-1.298938 0.349066 0
-1.298938 -0.349066 0
-1.239895 0.349066 0
-1.239895 -0.349066 0
-1.180853 0.349066 0
-1.180853 -0.349066 0
-1.12181 0.349066 0
-1.12181 -0.349066 0
-1.062767 0.349066 0
-1.062767 -0.349066 0
-1.003725 0.349066 0
-1.003725 -0.349066 0
-0.944682 0.349066 0
-0.944682 -0.349066 0
-0.885639 0.349066 0
-0.885639 -0.349066 0
-0.826597 0.349066 0
-0.826597 -0.349066 0
-0.767554 0.349066 0
-0.767554 -0.349066 0
-0.708512 0.349066 0
-0.708512 -0.349066 0
-0.649469 0.349066 0
-0.649469 -0.349066 0
-0.590426 0.349066 0
-0.590426 -0.349066 0
-0.531384 0.349066 0
-0.531384 -0.349066 0
-0.472341 0.349066 0
-0.472341 -0.349066 0
-0.413298 0.349066 0
-0.413298 -0.349066 0
-0.354256 0.349066 0
-0.354256 -0.349066 0
-0.295213 0.349066 0
-0.295213 -0.349066 0
-0.236171 0.349066 0
-0.236171 -0.349066 0
-0.177128 0.349066 0
-0.177128 -0.349066 0
-0.118085 0.349066 0
-0.118085 -0.349066 0
-0.059043 0.349066 0
-0.059043 -0.349066 0
0 0.349066 0
0 -0.349066 0
0.059043 0.349066 0
0.059043 -0.349066 0
0.118085 0.349066 0
0.118085 -0.349066 0
0.177128 0.349066 0
0.177128 -0.349066 0
0.236171 0.349066 0
0.236171 -0.349066 0
0.295213 0.349066 0
0.295213 -0.349066 0
0.354256 0.349066 0
0.354256 -0.349066 0
0.413298 0.349066 0
0.413298 -0.349066 0
0.472341 0.349066 0
0.472341 -0.349066 0
0.531384 0.349066 0
0.531384 -0.349066 0
0.590426 0.349066 0
0.590426 -0.349066 0
0.649469 0.349066 0
0.649469 -0.349066 0
0.708512 0.349066 0
0.708512 -0.349066 0
0.767554 0.349066 0
0.767554 -0.349066 0
0.826597 0.349066 0
0.826597 -0.349066 0
0.885639 0.349066 0
0.885639 -0.349066 0
0.944682 0.349066 0
0.944682 -0.349066 0
1.003725 0.349066 0
1.003725 -0.349066 0
1.062767 0.349066 0
1.062767 -0.349066 0
1.12181 0.349066 0
1.12181 -0.349066 0
1.180853 0.349066 0
1.180853 -0.349066 0
1.239895 0.349066 0
1.239895 -0.349066 0
1.298938 0.349066 0
1.298938 -0.349066 0
1.35798 0.349066 0
1.35798 -0.349066 0
1.417023 0.349066 0
1.417023 -0.349066 0
1.476066 0.349066 0
1.476066 -0.349066 0
1.535108 0.349066 0
1.535108 -0.349066 0
1.594151 0.349066 0
1.594151 -0.349066 0
1.653194 0.349066 0
1.653194 -0.349066 0
1.712236 0.349066 0
1.712236 -0.349066 0
1.771279 0.349066 0
1.771279 -0.349066 0
1.830321 0.349066 0
1.830321 -0.349066 0
1.889364 0.349066 0
1.889364 -0.349066 0
1.948407 0.349066 0
1.948407 -0.349066 0
2.007449 0.349066 0
2.007449 -0.349066 0
2.066492 0.349066 0
2.066492 -0.349066 0
2.125535 0.349066 0
2.125535 -0.349066 0
2.184577 0.349066 0
2.184577 -0.349066 0
2.24362 0.349066 0
2.24362 -0.349066 0
2.302663 0.349066 0
2.302663 -0.349066 0
2.361705 0.349066 0
2.361705 -0.349066 0
2.420748 0.349066 0
2.420748 -0.349066 0
2.47979 0.349066 0
2.47979 -0.349066 0
2.538833 0.349066 0
2.538833 -0.349066 0
2.597876 0.349066 0
2.597876 -0.349066 0
2.656918 0.349066 0
2.656918 -0.349066 0
2.715961 0.349066 0
2.715961 -0.349066 0
2.775004 0.349066 0
2.775004 -0.349066 0
2.834046 0.349066 0
2.834046 -0.349066 0
2.893089 0.349066 0
2.893089 -0.349066 0
2.952131 0.349066 0
2.952131 -0.349066 0
-2.720699 0.523599 0
-2.720699 -0.523599 0
-2.666285 0.523599 0
-2.666285 -0.523599 0
-2.611871 0.523599 0
-2.611871 -0.523599 0
-2.557457 0.523599 0
-2.557457 -0.523599 0
-2.503043 0.523599 0
-2.503043 -0.523599 0
-2.448629 0.523599 0
-2.448629 -0.523599 0
-2.394215 0.523599 0
-2.394215 -0.523599 0
-2.339801 0.523599 0
-2.339801 -0.523599 0
-2.285387 0.523599 0
-2.285387 -0.523599 0
-2.230973 0.523599 0
-2.230973 -0.523599 0
-2.176559 0.523599 0
-2.176559 -0.523599 0
-2.122145 0.523599 0
-2.122145 -0.523599 0
-2.067731 0.523599 0
-2.067731 -0.523599 0
-2.013317 0.523599 0
-2.013317 -0.523599 0
-1.958903 0.523599 0
-1.958903 -0.523599 0
-1.904489 0.523599 0
-1.904489 -0.523599 0
-1.850075 0.523599 0
-1.850075 -0.523599 0
-1.795661 0.523599 0
-1.795661 -0.523599 0
-1.741247 0.523599 0
-1.741247 -0.523599 0
-1.686833 0.523599 0
-1.686833 -0.523599 0
-1.632419 0.523599 0
-1.632419 -0.523599 0
-1.578005 0.523599 0
-1.578005 -0.523599 0
-1.523591 0.523599 0
-1.523591 -0.523599 0
-1.469177 0.523599 0
-1.469177 -0.523599 0
-1.414764 0.523599 0
-1.414764 -0.523599 0
-1.36035 0.523599 0
-1.36035 -0.523599 0
-1.305936 0.523599 0
-1.305936 -0.523599 0
-1.251522 0.523599 0
-1.251522 -0.523599 0
-1.197108 0.523599 0
-1.197108 -0.523599 0
-1.142694 0.523599 0
-1.142694 -0.523599 0
-1.08828 0.523599 0
-1.08828 -0.523599 0
-1.033866 0.523599 0
-1.033866 -0.523599 0
-0.979452 0.523599 0
-0.979452 -0.523599 0
-0.925038 0.523599 0
-0.925038 -0.523599 0
-0.870624 0.523599 0
-0.870624 -0.523599 0
-0.81621 0.523599 0
-0.81621 -0.523599 0
-0.761796 0.523599 0
-0.761796 -0.523599 0
-0.707382 0.523599 0
-0.707382 -0.523599 0
-0.652968 0.523599 0
-0.652968 -0.523599 0
-0.598554 0.523599 0
-0.598554 -0.523599 0
-0.54414 0.523599 0
-0.54414 -0.523599 0
-0.489726 0.523599 0
-0.489726 -0.523599 0
-0.435312 0.523599 0
-0.435312 -0.523599 0
-0.380898 0.523599 0
-0.380898 -0.523599 0
-0.326484 0.523599 0
-0.326484 -0.523599 0
-0.27207 0.523599 0
-0.27207 -0.523599 0
-0.217656 0.523599 0
-0.217656 -0.523599 0
-0.163242 0.523599 0
-0.163242 -0.523599 0
-0.108828 0.523599 0
-0.108828 -0.523599 0
-0.054414 0.523599 0
-0.054414 -0.523599 0
0 0.523599 0
0 -0.523599 0
0.054414 0.523599 0
0.054414 -0.523599 0
0.108828 0.523599 0
0.108828 -0.523599 0
0.163242 0.523599 0
0.163242 -0.523599 0
0.217656 0.523599 0
0.217656 -0.523599 0
0.27207 0.523599 0
0.27207 -0.523599 0
0.326484 0.523599 0
0.326484 -0.523599 0
0.380898 0.523599 0
0.380898 -0.523599 0
0.435312 0.523599 0
0.435312 -0.523599 0
0.489726 0.523599 0
0.489726 -0.523599 0
0.54414 0.523599 0
0.54414 -0.523599 0
0.598554 0.523599 0
0.598554 -0.523599 0
0.652968 0.523599 0
0.652968 -0.523599 0
0.707382 0.523599 0
0.707382 -0.523599 0
0.761796 0.523599 0
0.761796 -0.523599 0
0.81621 0.523599 0
0.81621 -0.523599 0
0.870624 0.523599 0
0.870624 -0.523599 0
0.925038 0.523599 0
0.925038 -0.523599 0
0.979452 0.523599 0
0.979452 -0.523599 0
1.033866 0.523599 0
1.033866 -0.523599 0
1.08828 0.523599 0
1.08828 -0.523599 0
1.142694 0.523599 0
1.142694 -0.523599 0
1.197108 0.523599 0
1.197108 -0.523599 0
1.251522 0.523599 0
1.251522 -0.523599 0
1.305936 0.523599 0
1.305936 -0.523599 0
1.36035 0.523599 0
1.36035 -0.523599 0
1.414764 0.523599 0
1.414764 -0.523599 0
1.469177 0.523599 0
1.469177 -0.523599 0
1.523591 0.523599 0
1.523591 -0.523599 0
1.578005 0.523599 0
1.578005 -0.523599 0
1.632419 0.523599 0
1.632419 -0.523599 0
1.686833 0.523599 0
1.686833 -0.523599 0
1.741247 0.523599 0
1.741247 -0.523599 0
1.795661 0.523599 0
1.795661 -0.523599 0
1.850075 0.523599 0
1.850075 -0.523599 0
1.904489 0.523599 0
1.904489 -0.523599 0
1.958903 0.523599 0
1.958903 -0.523599 0
2.013317 0.523599 0
2.013317 -0.523599 0
2.067731 0.523599 0
2.067731 -0.523599 0
2.122145 0.523599 0
2.122145 -0.523599 0
2.176559 0.523599 0
2.176559 -0.523599 0
2.230973 0.523599 0
2.230973 -0.523599 0
2.285387 0.523599 0
2.285387 -0.523599 0
2.339801 0.523599 0
2.339801 -0.523599 0
2.394215 0.523599 0
2.394215 -0.523599 0
2.448629 0.523599 0
2.448629 -0.523599 0
2.503043 0.523599 0
2.503043 -0.523599 0
2.557457 0.523599 0
2.557457 -0.523599 0
2.611871 0.523599 0
2.611871 -0.523599 0
2.666285 0.523599 0
2.666285 -0.523599 0
2.720699 0.523599 0
2.720699 -0.523599 0
-2.4066 0.698132 0
-2.4066 -0.698132 0
-2.358468 0.698132 0
-2.358468 -0.698132 0
-2.310336 0.698132 0
-2.310336 -0.698132 0
-2.262204 0.698132 0
-2.262204 -0.698132 0
-2.214072 0.698132 0
-2.214072 -0.698132 0
-2.16594 0.698132 0
-2.16594 -0.698132 0
-2.117808 0.698132 0
-2.117808 -0.698132 0
-2.069676 0.698132 0
-2.069676 -0.698132 0
-2.021544 0.698132 0
-2.021544 -0.698132 0
-1.973412 0.698132 0
-1.973412 -0.698132 0
-1.92528 0.698132 0
-1.92528 -0.698132 0
-1.877148 0.698132 0
-1.877148 -0.698132 0
-1.829016 0.698132 0
-1.829016 -0.698132 0
-1.780884 0.698132 0
-1.780884 -0.698132 0
-1.732752 0.698132 0
-1.732752 -0.698132 0
-1.68462 0.698132 0
-1.68462 -0.698132 0
-1.636488 0.698132 0
-1.636488 -0.698132 0
-1.588356 0.698132 0
-1.588356 -0.698132 0
-1.540224 0.698132 0
-1.540224 -0.698132 0
-1.492092 0.698132 0
-1.492092 -0.698132 0
-1.44396 0.698132 0
-1.44396 -0.698132 0
-1.395828 0.698132 0
-1.395828 -0.698132 0
-1.347696 0.698132 0
-1.347696 -0.698132 0
-1.299564 0.698132 0
-1.299564 -0.698132 0
-1.251432 0.698132 0
-1.251432 -0.698132 0
-1.2033 0.698132 0
-1.2033 -0.698132 0
-1.155168 0.698132 0
-1.155168 -0.698132 0
-1.107036 0.698132 0
-1.107036 -0.698132 0
-1.058904 0.698132 0
-1.058904 -0.698132 0
-1.010772 0.698132 0
-1.010772 -0.698132 0
-0.96264 0.698132 0
-0.96264 -0.698132 0
-0.914508 0.698132 0
-0.914508 -0.698132 0
-0.866376 0.698132 0
-0.866376 -0.698132 0
-0.818244 0.698132 0
-0.818244 -0.698132 0
-0.770112 0.698132 0
-0.770112 -0.698132 0
-0.72198 0.698132 0
-0.72198 -0.698132 0
-0.673848 0.698132 0
-0.673848 -0.698132 0
-0.625716 0.698132 0
-0.625716 -0.698132 0
-0.577584 0.698132 0
-0.577584 -0.698132 0
-0.529452 0.698132 0
-0.529452 -0.698132 0
-0.48132 0.698132 0
-0.48132 -0.698132 0
-0.433188 0.698132 0
-0.433188 -0.698132 0
-0.385056 0.698132 0
-0.385056 -0.698132 0
-0.336924 0.698132 0
-0.336924 -0.698132 0
-0.288792 0.698132 0
-0.288792 -0.698132 0
-0.24066 0.698132 0
-0.24066 -0.698132 0
-0.192528 0.698132 0
-0.192528 -0.698132 0
-0.144396 0.698132 0
-0.144396 -0.698132 0
-0.096264 0.698132 0
-0.096264 -0.698132 0
-0.048132 0.698132 0
-0.048132 -0.698132 0
0 0.698132 0
0 -0.698132 0
0.048132 0.698132 0
0.048132 -0.698132 0
0.096264 0.698132 0
0.096264 -0.698132 0
0.144396 0.698132 0
0.144396 -0.698132 0
0.192528 0.698132 0
0.192528 -0.698132 0
0.24066 0.698132 0
0.24066 -0.698132 0
0.288792 0.698132 0
0.288792 -0.698132 0
0.336924 0.698132 0
0.336924 -0.698132 0
0.385056 0.698132 0
0.385056 -0.698132 0
0.433188 0.698132 0
0.433188 -0.698132 0
0.48132 0.698132 0
0.48132 -0.698132 0
0.529452 0.698132 0
0.529452 -0.698132 0
0.577584 0.698132 0
0.577584 -0.698132 0
0.625716 0.698132 0
0.625716 -0.698132 0
0.673848 0.698132 0
0.673848 -0.698132 0
0.72198 0.698132 0
0.72198 -0.698132 0
0.770112 0.698132 0
0.770112 -0.698132 0
0.818244 0.698132 0
0.818244 -0.698132 0
0.866376 0.698132 0
0.866376 -0.698132 0
0.914508 0.698132 0
0.914508 -0.698132 0
0.96264 0.698132 0
0.96264 -0.698132 0
1.010772 0.698132 0
1.010772 -0.698132 0
1.058904 0.698132 0
1.058904 -0.698132 0
1.107036 0.698132 0
1.107036 -0.698132 0
1.155168 0.698132 0
1.155168 -0.698132 0
1.2033 0.698132 0
1.2033 -0.698132 0
1.251432 0.698132 0
1.251432 -0.698132 0
1.299564 0.698132 0
1.299564 -0.698132 0
1.347696 0.698132 0
1.347696 -0.698132 0
1.395828 0.698132 0
1.395828 -0.698132 0
1.44396 0.698132 0
1.44396 -0.698132 0
1.492092 0.698132 0
1.492092 -0.698132 0
1.540224 0.698132 0
1.540224 -0.698132 0
1.588356 0.698132 0
1.588356 -0.698132 0
1.636488 0.698132 0
1.636488 -0.698132 0
1.68462 0.698132 0
1.68462 -0.698132 0
1.732752 0.698132 0
1.732752 -0.698132 0
1.780884 0.698132 0
1.780884 -0.698132 0
1.829016 0.698132 0
1.829016 -0.698132 0
1.877148 0.698132 0
1.877148 -0.698132 0
1.92528 0.698132 0
1.92528 -0.698132 0
1.973412 0.698132 0
1.973412 -0.698132 0
2.021544 0.698132 0
2.021544 -0.698132 0
2.069676 0.698132 0
2.069676 -0.698132 0
2.117808 0.698132 0
2.117808 -0.698132 0
2.16594 0.698132 0
2.16594 -0.698132 0
2.214072 0.698132 0
2.214072 -0.698132 0
2.262204 0.698132 0
2.262204 -0.698132 0
2.310336 0.698132 0
2.310336 -0.698132 0
2.358468 0.698132 0
2.358468 -0.698132 0
2.4066 0.698132 0
2.4066 -0.698132 0
-2.019377 0.872665 0
-2.019377 -0.872665 0
-1.978989 0.872665 0
-1.978989 -0.872665 0
-1.938602 0.872665 0
-1.938602 -0.872665 0
-1.898214 0.872665 0
-1.898214 -0.872665 0
-1.857827 0.872665 0
-1.857827 -0.872665 0
-1.817439 0.872665 0
-1.817439 -0.872665 0
-1.777052 0.872665 0
-1.777052 -0.872665 0
-1.736664 0.872665 0
-1.736664 -0.872665 0
-1.696277 0.872665 0
-1.696277 -0.872665 0
-1.655889 0.872665 0
-1.655889 -0.872665 0
-1.615501 0.872665 0
-1.615501 -0.872665 0
-1.575114 0.872665 0
-1.575114 -0.872665 0
-1.534726 0.872665 0
-1.534726 -0.872665 0
-1.494339 0.872665 0
-1.494339 -0.872665 0
-1.453951 0.872665 0
-1.453951 -0.872665 0
-1.413564 0.872665 0
-1.413564 -0.872665 0
-1.373176 0.872665 0
-1.373176 -0.872665 0
-1.332789 0.872665 0
-1.332789 -0.872665 0
-1.292401 0.872665 0
-1.292401 -0.872665 0
-1.252014 0.872665 0
-1.252014 -0.872665 0
-1.211626 0.872665 0
-1.211626 -0.872665 0
-1.171239 0.872665 0
-1.171239 -0.872665 0
-1.130851 0.872665 0
-1.130851 -0.872665 0
-1.090463 0.872665 0
-1.090463 -0.872665 0
-1.050076 0.872665 0
-1.050076 -0.872665 0
-1.009688 0.872665 0
-1.009688 -0.872665 0
-0.969301 0.872665 0
-0.969301 -0.872665 0
-0.928913 0.872665 0
-0.928913 -0.872665 0
-0.888526 0.872665 0
-0.888526 -0.872665 0
-0.848138 0.872665 0
-0.848138 -0.872665 0
-0.807751 0.872665 0
-0.807751 -0.872665 0
-0.767363 0.872665 0
-0.767363 -0.872665 0
-0.726976 0.872665 0
-0.726976 -0.872665 0
-0.686588 0.872665 0
-0.686588 -0.872665 0
-0.646201 0.872665 0
-0.646201 -0.872665 0
-0.605813 0.872665 0
-0.605813 -0.872665 0
-0.565426 0.872665 0
-0.565426 -0.872665 0
-0.525038 0.872665 0
-0.525038 -0.872665 0
-0.48465 0.872665 0
-0.48465 -0.872665 0
-0.444263 0.872665 0
-0.444263 -0.872665 0
-0.403875 0.872665 0
-0.403875 -0.872665 0
-0.363488 0.872665 0
-0.363488 -0.872665 0
-0.3231 0.872665 0
-0.3231 -0.872665 0
-0.282713 0.872665 0
-0.282713 -0.872665 0
-0.242325 0.872665 0
-0.242325 -0.872665 0
-0.201938 0.872665 0
-0.201938 -0.872665 0
-0.16155 0.872665 0
-0.16155 -0.872665 0
-0.121163 0.872665 0
-0.121163 -0.872665 0
-0.080775 0.872665 0
-0.080775 -0.872665 0
-0.040388 0.872665 0
-0.040388 -0.872665 0
0 0.872665 0
0 -0.872665 0
0.040388 0.872665 0
0.040388 -0.872665 0
0.080775 0.872665 0
0.080775 -0.872665 0
0.121163 0.872665 0
0.121163 -0.872665 0
0.16155 0.872665 0
0.16155 -0.872665 0
0.201938 0.872665 0
0.201938 -0.872665 0
0.242325 0.872665 0
0.242325 -0.872665 0
0.282713 0.872665 0
0.282713 -0.872665 0
0.3231 0.872665 0
0.3231 -0.872665 0
0.363488 0.872665 0
0.363488 -0.872665 0
0.403875 0.872665 0
0.403875 -0.872665 0
0.444263 0.872665 0
0.444263 -0.872665 0
0.48465 0.872665 0
0.48465 -0.872665 0
0.525038 0.872665 0
0.525038 -0.872665 0
0.565426 0.872665 0
0.565426 -0.872665 0
0.605813 0.872665 0
0.605813 -0.872665 0
0.646201 0.872665 0
0.646201 -0.872665 0
0.686588 0.872665 0
0.686588 -0.872665 0
0.726976 0.872665 0
0.726976 -0.872665 0
0.767363 0.872665 0
0.767363 -0.872665 0
0.807751 0.872665 0
0.807751 -0.872665 0
0.848138 0.872665 0
0.848138 -0.872665 0
0.888526 0.872665 0
0.888526 -0.872665 0
0.928913 0.872665 0
0.928913 -0.872665 0
0.969301 0.872665 0
0.969301 -0.872665 0
1.009688 0.872665 0
1.009688 -0.872665 0
1.050076 0.872665 0
1.050076 -0.872665 0
1.090463 0.872665 0
1.090463 -0.872665 0
1.130851 0.872665 0
1.130851 -0.872665 0
1.171239 0.872665 0
1.171239 -0.872665 0
1.211626 0.872665 0
1.211626 -0.872665 0
1.252014 0.872665 0
1.252014 -0.872665 0
1.292401 0.872665 0
1.292401 -0.872665 0
1.332789 0.872665 0
1.332789 -0.872665 0
1.373176 0.872665 0
1.373176 -0.872665 0
1.413564 0.872665 0
1.413564 -0.872665 0
1.453951 0.872665 0
1.453951 -0.872665 0
1.494339 0.872665 0
1.494339 -0.872665 0
1.534726 0.872665 0
1.534726 -0.872665 0
1.575114 0.872665 0
1.575114 -0.872665 0
1.615501 0.872665 0
1.615501 -0.872665 0
1.655889 0.872665 0
1.655889 -0.872665 0
1.696277 0.872665 0
1.696277 -0.872665 0
1.736664 0.872665 0
1.736664 -0.872665 0
1.777052 0.872665 0
1.777052 -0.872665 0
1.817439 0.872665 0
1.817439 -0.872665 0
1.857827 0.872665 0
1.857827 -0.872665 0
1.898214 0.872665 0
1.898214 -0.872665 0
1.938602 0.872665 0
1.938602 -0.872665 0
1.978989 0.872665 0
1.978989 -0.872665 0
2.019377 0.872665 0
2.019377 -0.872665 0
-1.570796 1.047198 0
-1.570796 -1.047198 0
-1.53938 1.047198 0
-1.53938 -1.047198 0
-1.507964 1.047198 0
-1.507964 -1.047198 0
-1.476549 1.047198 0
-1.476549 -1.047198 0
-1.445133 1.047198 0
-1.445133 -1.047198 0
-1.413717 1.047198 0
-1.413717 -1.047198 0
-1.382301 1.047198 0
-1.382301 -1.047198 0
-1.350885 1.047198 0
-1.350885 -1.047198 0
-1.319469 1.047198 0
-1.319469 -1.047198 0
-1.288053 1.047198 0
-1.288053 -1.047198 0
-1.256637 1.047198 0
-1.256637 -1.047198 0
-1.225221 1.047198 0
-1.225221 -1.047198 0
-1.193805 1.047198 0
-1.193805 -1.047198 0
-1.162389 1.047198 0
-1.162389 -1.047198 0
-1.130973 1.047198 0
-1.130973 -1.047198 0
-1.099557 1.047198 0
-1.099557 -1.047198 0
-1.068142 1.047198 0
-1.068142 -1.047198 0
-1.036726 1.047198 0
-1.036726 -1.047198 0
-1.00531 1.047198 0
-1.00531 -1.047198 0
-0.973894 1.047198 0
-0.973894 -1.047198 0
-0.942478 1.047198 0
-0.942478 -1.047198 0
-0.911062 1.047198 0
-0.911062 -1.047198 0
-0.879646 1.047198 0
-0.879646 -1.047198 0
-0.84823 1.047198 0
-0.84823 -1.047198 0
-0.816814 1.047198 0
-0.816814 -1.047198 0
-0.785398 1.047198 0
-0.785398 -1.047198 0
-0.753982 1.047198 0
-0.753982 -1.047198 0
-0.722566 1.047198 0
-0.722566 -1.047198 0
-0.69115 1.047198 0
-0.69115 -1.047198 0
-0.659734 1.047198 0
-0.659734 -1.047198 0
-0.628319 1.047198 0
-0.628319 -1.047198 0
-0.596903 1.047198 0
-0.596903 -1.047198 0
-0.565487 1.047198 0
-0.565487 -1.047198 0
-0.534071 1.047198 0
-0.534071 -1.047198 0
-0.502655 1.047198 0
-0.502655 -1.047198 0
-0.471239 1.047198 0
-0.471239 -1.047198 0
-0.439823 1.047198 0
-0.439823 -1.047198 0
-0.408407 1.047198 0
-0.408407 -1.047198 0
-0.376991 1.047198 0
-0.376991 -1.047198 0
-0.345575 1.047198 0
-0.345575 -1.047198 0
-0.314159 1.047198 0
-0.314159 -1.047198 0
-0.282743 1.047198 0
-0.282743 -1.047198 0
-0.251327 1.047198 0
-0.251327 -1.047198 0
-0.219911 1.047198 0
-0.219911 -1.047198 0
-0.188496 1.047198 0
-0.188496 -1.047198 0
-0.15708 1.047198 0
-0.15708 -1.047198 0
-0.125664 1.047198 0
-0.125664 -1.047198 0
-0.094248 1.047198 0
-0.094248 -1.047198 0
-0.062832 1.047198 0
-0.062832 -1.047198 0
-0.031416 1.047198 0
-0.031416 -1.047198 0
0 1.047198 0
0 -1.047198 0
0.031416 1.047198 0
0.031416 -1.047198 0
0.062832 1.047198 0
0.062832 -1.047198 0
0.094248 1.047198 0
0.094248 -1.047198 0
0.125664 1.047198 0
0.125664 -1.047198 0
0.15708 1.047198 0
0.15708 -1.047198 0
0.188496 1.047198 0
0.188496 -1.047198 0
0.219911 1.047198 0
0.219911 -1.047198 0
0.251327 1.047198 0
0.251327 -1.047198 0
0.282743 1.047198 0
0.282743 -1.047198 0
0.314159 1.047198 0
0.314159 -1.047198 0
0.345575 1.047198 0
0.345575 -1.047198 0
0.376991 1.047198 0
0.376991 -1.047198 0
0.408407 1.047198 0
0.408407 -1.047198 0
0.439823 1.047198 0
0.439823 -1.047198 0
0.471239 1.047198 0
0.471239 -1.047198 0
0.502655 1.047198 0
0.502655 -1.047198 0
0.534071 1.047198 0
0.534071 -1.047198 0
0.565487 1.047198 0
0.565487 -1.047198 0
0.596903 1.047198 0
0.596903 -1.047198 0
0.628319 1.047198 0
0.628319 -1.047198 0
0.659734 1.047198 0
0.659734 -1.047198 0
0.69115 1.047198 0
0.69115 -1.047198 0
0.722566 1.047198 0
0.722566 -1.047198 0
0.753982 1.047198 0
0.753982 -1.047198 0
0.785398 1.047198 0
0.785398 -1.047198 0
0.816814 1.047198 0
0.816814 -1.047198 0
0.84823 1.047198 0
0.84823 -1.047198 0
0.879646 1.047198 0
0.879646 -1.047198 0
0.911062 1.047198 0
0.911062 -1.047198 0
0.942478 1.047198 0
0.942478 -1.047198 0
0.973894 1.047198 0
0.973894 -1.047198 0
1.00531 1.047198 0
1.00531 -1.047198 0
1.036726 1.047198 0
1.036726 -1.047198 0
1.068142 1.047198 0
1.068142 -1.047198 0
1.099557 1.047198 0
1.099557 -1.047198 0
1.130973 1.047198 0
1.130973 -1.047198 0
1.162389 1.047198 0
1.162389 -1.047198 0
1.193805 1.047198 0
1.193805 -1.047198 0
1.225221 1.047198 0
1.225221 -1.047198 0
1.256637 1.047198 0
1.256637 -1.047198 0
1.288053 1.047198 0
1.288053 -1.047198 0
1.319469 1.047198 0
1.319469 -1.047198 0
1.350885 1.047198 0
1.350885 -1.047198 0
1.382301 1.047198 0
1.382301 -1.047198 0
1.413717 1.047198 0
1.413717 -1.047198 0
1.445133 1.047198 0
1.445133 -1.047198 0
1.476549 1.047198 0
1.476549 -1.047198 0
1.507964 1.047198 0
1.507964 -1.047198 0
1.53938 1.047198 0
1.53938 -1.047198 0
1.570796 1.047198 0
1.570796 -1.047198 0
-1.074488 1.22173 0
-1.074488 -1.22173 0
-1.052998 1.22173 0
-1.052998 -1.22173 0
-1.031508 1.22173 0
-1.031508 -1.22173 0
-1.010019 1.22173 0
-1.010019 -1.22173 0
-0.988529 1.22173 0
-0.988529 -1.22173 0
-0.967039 1.22173 0
-0.967039 -1.22173 0
-0.945549 1.22173 0
-0.945549 -1.22173 0
-0.92406 1.22173 0
-0.92406 -1.22173 0
-0.90257 1.22173 0
-0.90257 -1.22173 0
-0.88108 1.22173 0
-0.88108 -1.22173 0
-0.85959 1.22173 0
-0.85959 -1.22173 0
-0.838101 1.22173 0
-0.838101 -1.22173 0
-0.816611 1.22173 0
-0.816611 -1.22173 0
-0.795121 1.22173 0
-0.795121 -1.22173 0
-0.773631 1.22173 0
-0.773631 -1.22173 0
-0.752142 1.22173 0
-0.752142 -1.22173 0
-0.730652 1.22173 0
-0.730652 -1.22173 0
-0.709162 1.22173 0
-0.709162 -1.22173 0
-0.687672 1.22173 0
-0.687672 -1.22173 0
-0.666183 1.22173 0
-0.666183 -1.22173 0
-0.644693 1.22173 0
-0.644693 -1.22173 0
-0.623203 1.22173 0
-0.623203 -1.22173 0
-0.601713 1.22173 0
-0.601713 -1.22173 0
-0.580224 1.22173 0
-0.580224 -1.22173 0
-0.558734 1.22173 0
-0.558734 -1.22173 0
-0.537244 1.22173 0
-0.537244 -1.22173 0
-0.515754 1.22173 0
-0.515754 -1.22173 0
-0.494264 1.22173 0
-0.494264 -1.22173 0
-0.472775 1.22173 0
-0.472775 -1.22173 0
-0.451285 1.22173 0
-0.451285 -1.22173 0
-0.429795 1.22173 0
-0.429795 -1.22173 0
-0.408305 1.22173 0
-0.408305 -1.22173 0
-0.386816 1.22173 0
-0.386816 -1.22173 0
-0.365326 1.22173 0
-0.365326 -1.22173 0
-0.343836 1.22173 0
-0.343836 -1.22173 0
-0.322346 1.22173 0
-0.322346 -1.22173 0
-0.300857 1.22173 0
-0.300857 -1.22173 0
-0.279367 1.22173 0
-0.279367 -1.22173 0
-0.257877 1.22173 0
-0.257877 -1.22173 0
-0.236387 1.22173 0
-0.236387 -1.22173 0
-0.214898 1.22173 0
-0.214898 -1.22173 0
-0.193408 1.22173 0
-0.193408 -1.22173 0
-0.171918 1.22173 0
-0.171918 -1.22173 0
-0.150428 1.22173 0
-0.150428 -1.22173 0
-0.128939 1.22173 0
-0.128939 -1.22173 0
-0.107449 1.22173 0
-0.107449 -1.22173 0
-0.085959 1.22173 0
-0.085959 -1.22173 0
-0.064469 1.22173 0
-0.064469 -1.22173 0
-0.04298 1.22173 0
-0.04298 -1.22173 0
-0.02149 1.22173 0
-0.02149 -1.22173 0
0 1.22173 0
0 -1.22173 0
0.02149 1.22173 0
0.02149 -1.22173 0
0.04298 1.22173 0
0.04298 -1.22173 0
0.064469 1.22173 0
0.064469 -1.22173 0
0.085959 1.22173 0
0.085959 -1.22173 0
0.107449 1.22173 0
0.107449 -1.22173 0
0.128939 1.22173 0
0.128939 -1.22173 0
0.150428 1.22173 0
0.150428 -1.22173 0
0.171918 1.22173 0
0.171918 -1.22173 0
0.193408 1.22173 0
0.193408 -1.22173 0
0.214898 1.22173 0
0.214898 -1.22173 0
0.236387 1.22173 0
0.236387 -1.22173 0
0.257877 1.22173 0
0.257877 -1.22173 0
0.279367 1.22173 0
0.279367 -1.22173 0
0.300857 1.22173 0
0.300857 -1.22173 0
0.322346 1.22173 0
0.322346 -1.22173 0
0.343836 1.22173 0
0.343836 -1.22173 0
0.365326 1.22173 0
0.365326 -1.22173 0
0.386816 1.22173 0
0.386816 -1.22173 0
0.408305 1.22173 0
0.408305 -1.22173 0
0.429795 1.22173 0
0.429795 -1.22173 0
0.451285 1.22173 0
0.451285 -1.22173 0
0.472775 1.22173 0
0.472775 -1.22173 0
0.494264 1.22173 0
0.494264 -1.22173 0
0.515754 1.22173 0
0.515754 -1.22173 0
0.537244 1.22173 0
0.537244 -1.22173 0
0.558734 1.22173 0
0.558734 -1.22173 0
0.580224 1.22173 0
0.580224 -1.22173 0
0.601713 1.22173 0
0.601713 -1.22173 0
0.623203 1.22173 0
0.623203 -1.22173 0
0.644693 1.22173 0
0.644693 -1.22173 0
0.666183 1.22173 0
0.666183 -1.22173 0
0.687672 1.22173 0
0.687672 -1.22173 0
0.709162 1.22173 0
0.709162 -1.22173 0
0.730652 1.22173 0
0.730652 -1.22173 0
0.752142 1.22173 0
0.752142 -1.22173 0
0.773631 1.22173 0
0.773631 -1.22173 0
0.795121 1.22173 0
0.795121 -1.22173 0
0.816611 1.22173 0
0.816611 -1.22173 0
0.838101 1.22173 0
0.838101 -1.22173 0
0.85959 1.22173 0
0.85959 -1.22173 0
0.88108 1.22173 0
0.88108 -1.22173 0
0.90257 1.22173 0
0.90257 -1.22173 0
0.92406 1.22173 0
0.92406 -1.22173 0
0.945549 1.22173 0
0.945549 -1.22173 0
0.967039 1.22173 0
0.967039 -1.22173 0
0.988529 1.22173 0
0.988529 -1.22173 0
1.010019 1.22173 0
1.010019 -1.22173 0
1.031508 1.22173 0
1.031508 -1.22173 0
1.052998 1.22173 0
1.052998 -1.22173 0
1.074488 1.22173 0
1.074488 -1.22173 0
-0.545532 1.396263 0
-0.545532 -1.396263 0
-0.534621 1.396263 0
-0.534621 -1.396263 0
-0.523711 1.396263 0
-0.523711 -1.396263 0
-0.5128 1.396263 0
-0.5128 -1.396263 0
-0.501889 1.396263 0
-0.501889 -1.396263 0
-0.490979 1.396263 0
-0.490979 -1.396263 0
-0.480068 1.396263 0
-0.480068 -1.396263 0
-0.469157 1.396263 0
-0.469157 -1.396263 0
-0.458247 1.396263 0
-0.458247 -1.396263 0
-0.447336 1.396263 0
-0.447336 -1.396263 0
-0.436425 1.396263 0
-0.436425 -1.396263 0
-0.425515 1.396263 0
-0.425515 -1.396263 0
-0.414604 1.396263 0
-0.414604 -1.396263 0
-0.403694 1.396263 0
-0.403694 -1.396263 0
-0.392783 1.396263 0
-0.392783 -1.396263 0
-0.381872 1.396263 0
-0.381872 -1.396263 0
-0.370962 1.396263 0
-0.370962 -1.396263 0
-0.360051 1.396263 0
-0.360051 -1.396263 0
-0.34914 1.396263 0
-0.34914 -1.396263 0
-0.33823 1.396263 0
-0.33823 -1.396263 0
-0.327319 1.396263 0
-0.327319 -1.396263 0
-0.316408 1.396263 0
-0.316408 -1.396263 0
-0.305498 1.396263 0
-0.305498 -1.396263 0
-0.294587 1.396263 0
-0.294587 -1.396263 0
-0.283677 1.396263 0
-0.283677 -1.396263 0
-0.272766 1.396263 0
-0.272766 -1.396263 0
-0.261855 1.396263 0
-0.261855 -1.396263 0
-0.250945 1.396263 0
-0.250945 -1.396263 0
-0.240034 1.396263 0
-0.240034 -1.396263 0
-0.229123 1.396263 0
-0.229123 -1.396263 0
-0.218213 1.396263 0
-0.218213 -1.396263 0
-0.207302 1.396263 0
-0.207302 -1.396263 0
-0.196391 1.396263 0
-0.196391 -1.396263 0
-0.185481 1.396263 0
-0.185481 -1.396263 0
-0.17457 1.396263 0
-0.17457 -1.396263 0
-0.16366 1.396263 0
-0.16366 -1.396263 0
-0.152749 1.396263 0
-0.152749 -1.396263 0
-0.141838 1.396263 0
-0.141838 -1.396263 0
-0.130928 1.396263 0
-0.130928 -1.396263 0
-0.120017 1.396263 0
-0.120017 -1.396263 0
-0.109106 1.396263 0
-0.109106 -1.396263 0
-0.098196 1.396263 0
-0.098196 -1.396263 0
-0.087285 1.396263 0
-0.087285 -1.396263 0
-0.076374 1.396263 0
-0.076374 -1.396263 0
-0.065464 1.396263 0
-0.065464 -1.396263 0
-0.054553 1.396263 0
-0.054553 -1.396263 0
-0.043643 1.396263 0
-0.043643 -1.396263 0
-0.032732 1.396263 0
-0.032732 -1.396263 0
-0.021821 1.396263 0
-0.021821 -1.396263 0
-0.010911 1.396263 0
-0.010911 -1.396263 0
0 1.396263 0
0 -1.396263 0
0.010911 1.396263 0
0.010911 -1.396263 0
0.021821 1.396263 0
0.021821 -1.396263 0
0.032732 1.396263 0
0.032732 -1.396263 0
0.043643 1.396263 0
0.043643 -1.396263 0
0.054553 1.396263 0
0.054553 -1.396263 0
0.065464 1.396263 0
0.065464 -1.396263 0
0.076374 1.396263 0
0.076374 -1.396263 0
0.087285 1.396263 0
0.087285 -1.396263 0
0.098196 1.396263 0
0.098196 -1.396263 0
0.109106 1.396263 0
0.109106 -1.396263 0
0.120017 1.396263 0
0.120017 -1.396263 0
0.130928 1.396263 0
0.130928 -1.396263 0
0.141838 1.396263 0
0.141838 -1.396263 0
0.152749 1.396263 0
0.152749 -1.396263 0
0.16366 1.396263 0
0.16366 -1.396263 0
0.17457 1.396263 0
0.17457 -1.396263 0
0.185481 1.396263 0
0.185481 -1.396263 0
0.196391 1.396263 0
0.196391 -1.396263 0
0.207302 1.396263 0
0.207302 -1.396263 0
0.218213 1.396263 0
0.218213 -1.396263 0
0.229123 1.396263 0
0.229123 -1.396263 0
0.240034 1.396263 0
0.240034 -1.396263 0
0.250945 1.396263 0
0.250945 -1.396263 0
0.261855 1.396263 0
0.261855 -1.396263 0
0.272766 1.396263 0
0.272766 -1.396263 0
0.283677 1.396263 0
0.283677 -1.396263 0
0.294587 1.396263 0
0.294587 -1.396263 0
0.305498 1.396263 0
0.305498 -1.396263 0
0.316408 1.396263 0
0.316408 -1.396263 0
0.327319 1.396263 0
0.327319 -1.396263 0
0.33823 1.396263 0
0.33823 -1.396263 0
0.34914 1.396263 0
0.34914 -1.396263 0
0.360051 1.396263 0
0.360051 -1.396263 0
0.370962 1.396263 0
0.370962 -1.396263 0
0.381872 1.396263 0
0.381872 -1.396263 0
0.392783 1.396263 0
0.392783 -1.396263 0
0.403694 1.396263 0
0.403694 -1.396263 0
0.414604 1.396263 0
0.414604 -1.396263 0
0.425515 1.396263 0
0.425515 -1.396263 0
0.436425 1.396263 0
0.436425 -1.396263 0
0.447336 1.396263 0
0.447336 -1.396263 0
0.458247 1.396263 0
0.458247 -1.396263 0
0.469157 1.396263 0
0.469157 -1.396263 0
0.480068 1.396263 0
0.480068 -1.396263 0
0.490979 1.396263 0
0.490979 -1.396263 0
0.501889 1.396263 0
0.501889 -1.396263 0
0.5128 1.396263 0
0.5128 -1.396263 0
0.523711 1.396263 0
0.523711 -1.396263 0
0.534621 1.396263 0
0.534621 -1.396263 0
0.545532 1.396263 0
0.545532 -1.396263 0
0 1.570796 0
0 -1.570796 0
0 1.570796 0
0 -1.570796 0
0 1.570796 0
0 -1.570796 0
0 1.570796 0
0 -1.570796 0
0 1.570796 0
0 -1.570796 0
0 1.570796 0
0 -1.570796 0
0 1.570796 0
0 -1.570796 0
0 1.570796 0
0 -1.570796 0
0 1.570796 0
0 -1.570796 0
0 1.570796 0
0 -1.570796 0
0 1.570796 0
0 -1.570796 0
0 1.570796 0
0 -1.570796 0
0 1.570796 0
0 -1.570796 0
0 1.570796 0
0 -1.570796 0
0 1.570796 0
0 -1.570796 0
0 1.570796 0
0 -1.570796 0
0 1.570796 0
0 -1.570796 0
0 1.570796 0
0 -1.570796 0
0 1.570796 0
0 -1.570796 0
0 1.570796 0
0 -1.570796 0
0 1.570796 0
0 -1.570796 0
0 1.570796 0
0 -1.570796 0
0 1.570796 0
0 -1.570796 0
0 1.570796 0
0 -1.570796 0
0 1.570796 0
0 -1.570796 0
0 1.570796 0
0 -1.570796 0
0 1.570796 0
0 -1.570796 0
0 1.570796 0
0 -1.570796 0
0 1.570796 0
0 -1.570796 0
0 1.570796 0
0 -1.570796 0
0 1.570796 0
0 -1.570796 0
0 1.570796 0
0 -1.570796 0
0 1.570796 0
0 -1.570796 0
0 1.570796 0
0 -1.570796 0
0 1.570796 0
0 -1.570796 0
0 1.570796 0
0 -1.570796 0
0 1.570796 0
0 -1.570796 0
0 1.570796 0
0 -1.570796 0
0 1.570796 0
0 -1.570796 0
0 1.570796 0
0 -1.570796 0
0 1.570796 0
0 -1.570796 0
0 1.570796 0
0 -1.570796 0
0 1.570796 0
0 -1.570796 0
0 1.570796 0
0 -1.570796 0
0 1.570796 0
0 -1.570796 0
0 1.570796 0
0 -1.570796 0
0 1.570796 0
0 -1.570796 0
0 1.570796 0
0 -1.570796 0
0 1.570796 0
0 -1.570796 0
0 1.570796 0
0 -1.570796 0
0 1.570796 0
0 -1.570796 0
0 1.570796 0
0 -1.570796 0
0 1.570796 0
0 -1.570796 0
0 1.570796 0
0 -1.570796 0
0 1.570796 0
0 -1.570796 0
0 1.570796 0
0 -1.570796 0
0 1.570796 0
0 -1.570796 0
0 1.570796 0
0 -1.570796 0
0 1.570796 0
0 -1.570796 0
0 1.570796 0
0 -1.570796 0
0 1.570796 0
0 -1.570796 0
0 1.570796 0
0 -1.570796 0
0 1.570796 0
0 -1.570796 0
0 1.570796 0
0 -1.570796 0
0 1.570796 0
0 -1.570796 0
0 1.570796 0
0 -1.570796 0
0 1.570796 0
0 -1.570796 0
0 1.570796 0
0 -1.570796 0
0 1.570796 0
0 -1.570796 0
0 1.570796 0
0 -1.570796 0
0 1.570796 0
0 -1.570796 0
0 1.570796 0
0 -1.570796 0
0 1.570796 0
0 -1.570796 0
0 1.570796 0
0 -1.570796 0
0 1.570796 0
0 -1.570796 0
0 1.570796 0
0 -1.570796 0
0 1.570796 0
0 -1.570796 0
0 1.570796 0
0 -1.570796 0
0 1.570796 0
0 -1.570796 0
0 1.570796 0
0 -1.570796 0
0 1.570796 0
0 -1.570796 0
0 1.570796 0
0 -1.570796 0
0 1.570796 0
0 -1.570796 0
0 1.570796 0
0 -1.570796 0
0 1.570796 0
0 -1.570796 0
0 1.570796 0
0 -1.570796 0
0 1.570796 0
0 -1.570796 0
0 1.570796 0
0 -1.570796 0
0 1.570796 0
0 -1.570796 0
0 1.570796 0
0 -1.570796 0
0 1.570796 0
0 -1.570796 0
0 1.570796 0
0 -1.570796 0
0 1.570796 0
0 -1.570796 0
0 1.570796 0
0 -1.570796 0
0 1.570796 0
0 -1.570796 0
0 1.570796 0
0 -1.570796 0
0 1.570796 0
0 -1.570796 0
0 1.570796 0
0 -1.570796 0
0 1.570796 0
0 -1.570796 0
0 1.570796 0
0 -1.570796 0
0 1.570796 0
0 -1.570796 0
