999 999 999 999 999 999 999 24350 1 /* N-H from 1 */
-8.426 10.133 6.320 -8.426 10.133 6.320 999 15200 1 /* C-C from 1 */
-7.679 10.035 5.255 -6.713 10.289 5.296 999 24350 1 /* N-H from 2 */
-8.840 8.141 4.184 -8.840 8.141 4.184 999 15200 1 /* C-C from 2 */
999 999 999 999 999 999 999 24350 1 /* N-H from 3 */
-9.298 5.326 2.987 -9.298 5.326 2.987 999 15200 1 /* C-C from 3 */
-8.536 5.491 1.941 -8.633 6.310 1.375 999 24350 1 /* N-H from 4 */
-6.546 4.284 2.764 -6.546 4.284 2.764 999 15200 1 /* C-C from 4 */
-6.391 5.290 3.584 -6.896 6.140 3.438 999 24350 1 /* N-H from 5 */
-6.107 4.313 5.828 -6.107 4.313 5.828 999 15200 1 /* C-C from 5 */
-7.327 4.612 6.185 -7.802 5.377 5.751 999 24350 1 /* N-H from 6 */
-7.989 2.333 6.843 -7.989 2.333 6.843 999 15200 1 /* C-C from 6 */
-7.997 2.052 5.568 -8.016 2.788 4.891 999 24350 1 /* N-H from 7 */
-6.532 0.126 5.210 -6.532 0.126 5.210 999 15200 1 /* C-C from 7 */
-5.578 0.976 4.943 -5.807 1.916 4.690 999 24350 1 /* N-H from 8 */
-3.778 0.229 6.469 -3.778 0.229 6.469 999 15200 1 /* C-C from 8 */
-4.542 0.696 7.423 -5.345 1.249 7.200 999 24350 1 /* N-H from 9 */
-4.548 -1.058 9.164 -4.548 -1.058 9.164 999 15200 1 /* C-C from 9 */
-5.493 -1.631 8.468 -5.973 -1.118 7.757 999 24350 1 /* N-H from 10 */
-4.962 -3.980 7.916 -4.962 -3.980 7.916 999 15200 1 /* C-C from 10 */
-4.897 -3.776 6.629 -5.422 -3.033 6.214 999 24350 1 /* N-H from 11 */
-2.581 -4.533 6.223 -2.581 -4.533 6.223 999 15200 1 /* C-C from 11 */
-2.198 -3.396 6.738 -2.853 -2.645 6.827 999 24350 1 /* N-H from 12 */
-0.406 -4.258 8.237 -0.406 -4.258 8.237 999 15200 1 /* C-C from 12 */
-1.335 -4.674 9.053 -2.263 -4.308 8.985 999 24350 1 /* N-H from 13 */
-0.800 -7.064 9.450 -0.800 -7.064 9.450 999 15200 1 /* C-C from 13 */
-1.443 -7.320 8.347 -2.051 -6.633 7.950 999 24350 1 /* N-H from 14 */
0.048 -8.653 6.896 0.048 -8.653 6.896 999 15200 1 /* C-C from 14 */
0.567 -7.502 6.557 0.107 -6.649 6.805 999 24350 1 /* N-H from 15 */
2.962 -8.088 6.631 2.962 -8.088 6.631 999 15200 1 /* C-C from 15 */
3.262 -7.519 7.767 2.769 -6.701 8.063 999 24350 1 /* N-H from 16 */
5.685 -7.996 7.891 5.685 -7.996 7.891 999 15200 1 /* C-C from 16 */
6.714 -8.557 8.466 6.602 -9.022 9.344 999 24350 1 /* N-H from 17 */
8.022 -9.207 6.457 8.022 -9.207 6.457 999 15200 1 /* C-C from 17 */
7.032 -10.023 6.204 6.321 -10.181 6.889 999 24350 1 /* N-H from 18 */
6.764 -9.699 3.769 6.764 -9.699 3.769 999 15200 1 /* C-C from 18 */
5.673 -8.982 3.798 5.009 -9.114 4.534 999 24350 1 /* N-H from 19 */
6.543 -6.936 2.721 6.543 -6.936 2.721 999 15200 1 /* C-C from 19 */
6.897 -6.403 3.859 6.438 -6.671 4.706 999 24350 1 /* N-H from 20 */
9.240 -5.938 3.209 9.240 -5.938 3.209 999 15200 1 /* C-C from 20 */
9.460 -7.219 3.290 8.819 -7.805 3.786 999 24350 1 /* N-H from 21 */
10.554 -7.727 1.123 10.554 -7.727 1.123 999 15200 1 /* C-C from 21 */
9.521 -8.290 0.561 8.838 -8.757 1.122 999 24350 1 /* N-H from 22 */
9.274 -6.796 -1.403 9.274 -6.796 -1.403 999 15200 1 /* C-C from 22 */
8.232 -6.104 -1.033 7.534 -6.532 -0.459 999 24350 1 /* N-H from 23 */
9.337 -3.875 -1.212 9.337 -3.875 -1.212 999 15200 1 /* C-C from 23 */
10.144 -4.266 -0.263 9.929 -5.076 0.283 999 24350 1 /* N-H from 24 */
12.374 -3.700 -1.158 12.374 -3.700 -1.158 999 15200 1 /* C-C from 24 */
12.665 -4.929 -1.488 12.252 -5.692 -0.991 999 24350 1 /* N-H from 25 */
13.117 -4.502 -3.879 13.117 -4.502 -3.879 999 15200 1 /* C-C from 25 */
11.900 -4.763 -4.272 11.331 -5.395 -3.747 999 24350 1 /* N-H from 26 */
11.270 -2.601 -5.305 11.270 -2.601 -5.305 999 15200 1 /* C-C from 26 */
11.242 -2.142 -4.081 11.278 -2.773 -3.306 999 24350 1 /* N-H from 27 */
12.493 -0.022 -4.197 12.493 -0.022 -4.197 999 15200 1 /* C-C from 27 */
13.571 -0.742 -4.049 13.502 -1.681 -3.713 999 24350 1 /* N-H from 28 */
14.889 0.370 -5.813 14.889 0.370 -5.813 999 15200 1 /* C-C from 28 */
14.346 -0.379 -6.733 13.961 -1.269 -6.490 999 24350 1 /* N-H from 29 */
12.880 0.537 -8.492 12.880 0.537 -8.492 999 15200 1 /* C-C from 29 */
12.254 1.288 -7.628 12.705 1.552 -6.775 999 24350 1 /* N-H from 30 */
10.545 2.981 -7.066 10.545 2.981 -7.066 999 15200 1 /* C-C from 30 */
10.466 2.820 -5.773 10.613 1.916 -5.372 999 24350 1 /* N-H from 31 */
11.418 4.815 -4.674 11.418 4.815 -4.674 999 15200 1 /* C-C from 31 */
12.340 4.318 -3.894 12.205 3.424 -3.466 999 24350 1 /* N-H from 32 */
14.311 4.497 -2.424 14.311 4.497 -2.424 999 15200 1 /* C-C from 32 */
15.597 4.298 -2.523 16.074 4.528 -3.371 999 24350 1 /* N-H from 33 */
16.344 4.723 -0.211 16.344 4.723 -0.211 999 15200 1 /* C-C from 33 */
16.536 5.982 -0.493 16.681 6.265 -1.441 999 24350 1 /* N-H from 34 */
15.194 6.973 1.326 15.194 6.973 1.326 999 15200 1 /* C-C from 34 */
14.119 6.810 0.605 14.192 6.708 -0.387 999 24350 1 /* N-H from 35 */
12.666 5.521 2.126 12.666 5.521 2.126 999 15200 1 /* C-C from 35 */
13.269 4.443 1.706 13.783 4.459 0.848 999 24350 1 /* N-H from 36 */
13.961 3.368 3.815 13.961 3.368 3.815 999 15200 1 /* C-C from 36 */
14.976 4.188 3.813 15.226 4.674 2.975 999 24350 1 /* N-H from 37 */
14.818 4.836 6.187 14.818 4.836 6.187 999 15200 1 /* C-C from 37 */
13.744 5.499 5.854 13.561 5.705 4.893 999 24350 1 /* N-H from 38 */
11.661 4.921 7.047 11.661 4.921 7.047 999 15200 1 /* C-C from 38 */
11.344 4.220 5.990 11.833 4.365 5.130 999 24350 1 /* N-H from 39 */
10.545 2.231 7.212 10.545 2.231 7.212 999 15200 1 /* C-C from 39 */
9.531 1.823 7.924 8.609 2.147 7.712 999 24350 1 /* N-H from 40 */
8.597 -0.137 9.082 8.597 -0.137 9.082 999 15200 1 /* C-C from 40 */
7.384 0.332 8.982 7.235 1.317 8.892 999 24350 1 /* N-H from 41 */
5.481 -0.500 7.663 5.481 -0.500 7.663 999 15200 1 /* C-C from 41 */
4.252 -0.934 7.617 3.823 -1.313 8.437 999 24350 1 /* N-H from 42 */
2.931 0.551 6.159 2.931 0.551 6.159 999 15200 1 /* C-C from 42 */
2.402 1.128 7.203 2.371 0.645 8.078 999 24350 1 /* N-H from 43 */
2.952 3.507 6.759 2.952 3.507 6.759 999 15200 1 /* C-C from 43 */
4.194 3.147 6.958 4.407 2.240 7.321 999 24350 1 /* N-H from 44 */
5.417 4.243 5.121 5.417 4.243 5.121 999 15200 1 /* C-C from 44 */
5.663 3.162 4.433 5.767 2.285 4.902 999 24350 1 /* N-H from 45 */
4.491 3.777 2.344 4.491 3.777 2.344 999 15200 1 /* C-C from 45 */
3.366 3.436 2.914 3.372 2.839 3.716 999 24350 1 /* N-H from 46 */
1.943 5.440 2.628 1.943 5.440 2.628 999 15200 1 /* C-C from 46 */
2.558 5.928 3.669 3.088 5.324 4.264 999 24350 1 /* N-H from 47 */
3.358 8.173 3.013 3.358 8.173 3.013 999 15200 1 /* C-C from 47 */
4.456 7.602 2.600 4.690 6.681 2.912 999 24350 1 /* N-H from 48 */
4.724 8.387 0.274 4.724 8.387 0.274 999 15200 1 /* C-C from 48 */
4.305 7.267 -0.248 4.407 6.411 0.259 999 24350 1 /* N-H from 49 */
2.490 8.232 -1.609 2.490 8.232 -1.609 999 15200 1 /* C-C from 49 */
1.580 8.082 -0.685 1.673 7.353 -0.006 999 24350 1 /* N-H from 50 */
0.884 10.445 -0.570 0.884 10.445 -0.570 999 15200 1 /* C-C from 50 */
2.026 10.674 0.018 2.552 9.914 0.401 999 24350 1 /* N-H from 51 */
2.664 12.669 -1.283 2.664 12.669 -1.283 999 15200 1 /* C-C from 51 */
3.466 12.080 -2.128 3.976 11.266 -1.849 999 24350 1 /* N-H from 52 */
4.361 11.599 -4.375 4.361 11.599 -4.375 999 15200 1 /* C-C from 52 */
3.642 10.707 -4.999 2.647 10.708 -4.900 999 24350 1 /* N-H from 53 */
3.244 8.949 -6.682 3.244 8.949 -6.682 999 15200 1 /* C-C from 53 */
2.453 8.127 -6.047 2.553 7.999 -5.060 999 24350 1 /* N-H from 54 */
0.512 6.627 -5.800 0.512 6.627 -5.800 999 15200 1 /* C-C from 54 */
-0.286 7.335 -5.048 -0.299 8.331 -5.134 999 24350 1 /* N-H from 55 */
-2.236 7.649 -3.574 -2.236 7.649 -3.574 999 15200 1 /* C-C from 55 */
-3.484 7.379 -3.846 -3.717 6.551 -4.356 999 24350 1 /* N-H from 56 */
-5.927 7.656 -3.646 -5.927 7.656 -3.646 999 15200 1 /* C-C from 56 */
999 999 999 999 999 999 999 24350 1 /* N-H from 57 */
-8.707 7.556 -4.533 -8.707 7.556 -4.533 999 15200 1 /* C-C from 57 */
-8.529 6.420 -5.150 -8.137 5.641 -4.661 999 24350 1 /* N-H from 58 */
-7.654 6.313 -7.456 -7.654 6.313 -7.456 999 15200 1 /* C-C from 58 */
-6.585 5.726 -6.991 -6.608 5.280 -6.096 999 24350 1 /* N-H from 59 */
-4.241 4.958 -7.035 -4.241 4.958 -7.035 999 15200 1 /* C-C from 59 */
-4.539 3.769 -6.588 -5.450 3.389 -6.747 999 24350 1 /* N-H from 60 */
-3.137 1.744 -6.663 -3.137 1.744 -6.663 999 15200 1 /* C-C from 60 */
-3.069 1.884 -7.958 -3.265 2.771 -8.376 999 24350 1 /* N-H from 61 */
-1.230 0.360 -8.592 -1.230 0.360 -8.592 999 15200 1 /* C-C from 61 */
-0.420 1.317 -8.232 -0.767 2.247 -8.112 999 24350 1 /* N-H from 62 */
1.183 0.144 -6.760 1.183 0.144 -6.760 999 15200 1 /* C-C from 62 */
0.695 0.593 -5.636 0.238 1.482 -5.609 999 24350 1 /* N-H from 63 */
0.203 -1.601 -4.600 0.203 -1.601 -4.600 999 15200 1 /* C-C from 63 */
-1.034 -1.655 -5.011 -1.543 -0.810 -5.177 999 24350 1 /* N-H from 64 */
-0.851 -3.828 -6.182 -0.851 -3.828 -6.182 999 15200 1 /* C-C from 64 */
-0.095 -3.210 -7.047 -0.076 -2.211 -7.074 999 24350 1 /* N-H from 65 */
1.833 -4.738 -7.225 1.833 -4.738 -7.225 999 15200 1 /* C-C from 65 */
2.539 -4.047 -6.373 2.355 -3.072 -6.248 999 24350 1 /* N-H from 66 */
3.029 -5.872 -4.785 3.029 -5.872 -4.785 999 15200 1 /* C-C from 66 */
1.892 -5.671 -4.177 1.437 -4.783 -4.243 999 24350 1 /* N-H from 67 */
0.971 -7.937 -4.326 0.971 -7.937 -4.326 999 15200 1 /* C-C from 67 */
0.630 -7.643 -5.551 0.577 -6.687 -5.839 999 24350 1 /* N-H from 68 */
1.604 -9.542 -6.757 1.604 -9.542 -6.757 999 15200 1 /* C-C from 68 */
2.739 -8.897 -6.703 2.746 -7.915 -6.516 999 24350 1 /* N-H from 69 */
4.241 -10.608 -5.770 4.241 -10.608 -5.770 999 15200 1 /* C-C from 69 */
3.944 -10.208 -4.560 3.587 -9.286 -4.410 999 24350 1 /* N-H from 70 */
3.159 -12.320 -3.532 3.159 -12.320 -3.532 999 15200 1 /* C-C from 70 */
2.158 -12.208 -4.377 2.048 -11.371 -4.913 999 24350 1 /* N-H from 71 */
0.266 -13.371 -3.310 0.266 -13.371 -3.310 999 15200 1 /* C-C from 71 */
0.057 -12.251 -2.668 0.482 -11.404 -2.987 999 24350 1 /* N-H from 72 */
-2.206 -11.722 -1.858 -2.206 -11.722 -1.858 999 15200 1 /* C-C from 72 */
-3.113 -12.611 -2.152 -2.888 -13.585 -2.113 999 24350 1 /* N-H from 73 */
-5.320 -11.836 -1.312 -5.320 -11.836 -1.312 999 15200 1 /* C-C from 73 */
-4.927 -12.288 -0.151 -4.098 -12.843 -0.080 999 24350 1 /* N-H from 74 */
-5.592 -10.493 1.422 -5.592 -10.493 1.422 999 15200 1 /* C-C from 74 */
-4.430 -9.930 1.248 -3.665 -10.467 0.893 999 24350 1 /* N-H from 75 */
-4.541 -7.671 0.314 -4.541 -7.671 0.314 999 15200 1 /* C-C from 75 */
-3.903 -8.025 -0.763 -3.265 -8.794 -0.726 999 24350 1 /* N-H from 76 */
-5.616 -7.241 -2.359 -5.616 -7.241 -2.359 999 15200 1 /* C-C from 76 */
-6.371 -8.210 -1.910 -5.971 -8.955 -1.376 999 24350 1 /* N-H from 77 */
-8.492 -7.022 -1.476 -8.492 -7.022 -1.476 999 15200 1 /* C-C from 77 */
-8.133 -6.793 -0.242 -7.451 -7.378 0.197 999 24350 1 /* N-H from 78 */
-8.319 -4.330 -0.112 -8.319 -4.330 -0.112 999 15200 1 /* C-C from 78 */
-7.096 -4.232 -0.557 -6.473 -5.010 -0.484 999 24350 1 /* N-H from 79 */
-7.523 -2.593 -2.359 -7.523 -2.593 -2.359 999 15200 1 /* C-C from 79 */
-7.532 -3.407 -3.377 -6.967 -4.232 -3.361 999 24350 1 /* N-H from 80 */
-9.870 -3.282 -4.225 -9.870 -3.282 -4.225 999 15200 1 /* C-C from 80 */
-10.185 -3.851 -3.090 -9.470 -4.164 -2.464 999 24350 1 /* N-H from 81 */
-12.199 -2.717 -2.219 -12.199 -2.717 -2.219 999 15200 1 /* C-C from 81 */
-11.389 -1.890 -1.616 -10.425 -2.129 -1.502 999 24350 1 /* N-H from 82 */
-12.624 0.174 -2.209 -12.624 0.174 -2.209 999 15200 1 /* C-C from 82 */
-12.282 -0.080 -3.443 -11.570 -0.754 -3.638 999 24350 1 /* N-H from 83 */
-13.815 -0.327 -5.380 -13.815 -0.327 -5.380 999 15200 1 /* C-C from 83 */
